480
336
17 5 49 19 42 34 24 25 18 48 2 15 41 5 2 44 0 0 0 0 0 0 0 0 0 0 0 0 0 0 0 0 0 0 0 0 0 0 0 0 0 0 0 0 0 0 0 0 0 0 0 0 0 0 0 0 0 0 0 0 0 0 0 0 0 0 0 0 0 0 0 0 0 0 0 0 0 0 0 0 0 0 0 0 0 0 0 0 0 0 0 0 0 0 0 0 0 0 0 0 0 0 0 0 0 0 0 0 0 0 0 0 0 0 0 0 0 0 0 0 0 0 0 0 0 0 0 0 0 0 0 0 0 0 0 0 0 0 0 0 0 0 0 0 0 0 0 0 0 0 0 0 0 0 0 0 0 0 0 0 0 0 0 0 0 0 0 0 0 0 0 0 0 0 0 0 0 0 0 0 0 0 0 0 0 0 0 0 0 0 0 0 0 0 0 0 0 0 0 0 0 0 0 0 0 0 0 0 0 0 0 0 0 0 0 0 0 0 0 0 0 0 0 0 0 0 0 0 0 0 0 0 0 0 0 0 0 0 0 0 0 0 0 0 0 0 0 0 0 0 0 0 0 0 0 0 0 0 0 0 0 0 0 0 0 0 0 0 0 0 0 0 0 0 0 0 0 0 0 0 0 0 0 0 0 0 0 0 0 0 0 0 0 0 0 0 0 0 0 0 0 0 0 0 0 0 0 0 0 0 0 0 0 0 0 0 0 0 0 0 0 0 0 0 0 0 0 0 0 0 0 0 0 0 0 0
1 a+ 1 1 0
2 a+ 1 1 0
3 a+ 1 1 0
4 a+ 1 1 0
5 a+ 1 1 0
6 a+ 1 1 0
7 a+ 1 1 0
8 a+ 1 1 0
9 a+ 1 1 0
10 a+ 1 1 0
11 a+ 1 1 0
12 a+ 1 1 0
13 a+ 1 1 0
14 a+ 1 1 0
15 a+ 1 1 0
16 a+ 1 1 0
17 a^2 2 1 0
17 a 1 0 0
18 a^2 2 0 0
18 a 1 1 0
19 a^2 2 0 0
19 a 1 1 0
20 a^2 2 1 0
20 a 1 0 0
21 a^2 2 1 0
21 a 1 0 0
22 a^2 2 0 0
22 a 1 1 0
23 a^2 2 0 0
23 a 1 1 0
24 a^2 2 1 0
24 a 1 0 0
25 a^2 2 1 0
25 a 1 0 0
26 a^2 2 0 0
26 a 1 1 0
27 a^2 2 0 0
27 a 1 1 0
28 a^2 2 1 0
28 a 1 0 0
29 a^2 2 1 0
29 a 1 0 0
30 a^2 2 0 0
30 a 1 1 0
31 a^2 2 0 0
31 a 1 1 0
32 a^2 2 1 0
32 a 1 0 0
33 a+ 1 1 0
34 a+ 1 1 0
35 a+ 1 1 0
36 a+ 1 1 0
37 a+ 1 1 0
38 a+ 1 1 0
39 a+ 1 1 0
40 a+ 1 1 0
41 a+ 1 1 0
42 a+ 1 1 0
43 a+ 1 1 0
44 a+ 1 1 0
45 a+ 1 1 0
46 a+ 1 1 0
47 a+ 1 1 0
48 a+ 1 1 0
49 a^2 2 1 0
49 a 1 0 0
50 a^2 2 1 0
50 a 1 0 0
51 a^2 2 0 0
51 a 1 1 0
52 a^2 2 0 0
52 a 1 1 0
53 a^2 2 0 0
53 a 1 1 0
54 a^2 2 0 0
54 a 1 1 0
55 a^2 2 1 0
55 a 1 0 0
56 a^2 2 1 0
56 a 1 0 0
57 a^2 2 1 0
57 a 1 0 0
58 a^2 2 1 0
58 a 1 0 0
59 a^2 2 0 0
59 a 1 1 0
60 a^2 2 0 0
60 a 1 1 0
61 a^2 2 0 0
61 a 1 1 0
62 a^2 2 0 0
62 a 1 1 0
63 a^2 2 1 0
63 a 1 0 0
64 a^2 2 1 0
64 a 1 0 0
65 a+ 1 1 0
66 a+ 1 1 0
67 a+ 1 1 0
68 a+ 1 1 0
69 a+ 1 1 0
70 a+ 1 1 0
71 a+ 1 1 0
72 a+ 1 1 0
73 a+ 1 1 0
74 a+ 1 1 0
75 a+ 1 1 0
76 a+ 1 1 0
77 a+ 1 1 0
78 a+ 1 1 0
79 a+ 1 1 0
80 a+ 1 1 0
81 a^2 2 1 0
81 a 1 0 0
82 a^2 2 0 0
82 a 1 1 0
83 a^2 2 1 0
83 a 1 0 0
84 a^2 2 0 0
84 a 1 1 0
85 a^2 2 0 0
85 a 1 1 0
86 a^2 2 1 0
86 a 1 0 0
87 a^2 2 0 0
87 a 1 1 0
88 a^2 2 1 0
88 a 1 0 0
89 a^2 2 1 0
89 a 1 0 0
90 a^2 2 0 0
90 a 1 1 0
91 a^2 2 1 0
91 a 1 0 0
92 a^2 2 0 0
92 a 1 1 0
93 a^2 2 0 0
93 a 1 1 0
94 a^2 2 1 0
94 a 1 0 0
95 a^2 2 0 0
95 a 1 1 0
96 a^2 2 1 0
96 a 1 0 0
97 a+ 1 1 0
98 a+ 1 1 0
99 a+ 1 1 0
100 a+ 1 1 0
101 a+ 1 1 0
102 a+ 1 1 0
103 a+ 1 1 0
104 a+ 1 1 0
105 a+ 1 1 0
106 a+ 1 1 0
107 a+ 1 1 0
108 a+ 1 1 0
109 a+ 1 1 0
110 a+ 1 1 0
111 a+ 1 1 0
112 a+ 1 1 0
113 a^2 2 1 0
113 a 1 0 0
114 a^2 2 1 0
114 a 1 0 0
115 a^2 2 1 0
115 a 1 0 0
116 a^2 2 1 0
116 a 1 0 0
117 a^2 2 0 0
117 a 1 1 0
118 a^2 2 0 0
118 a 1 1 0
119 a^2 2 0 0
119 a 1 1 0
120 a^2 2 0 0
120 a 1 1 0
121 a^2 2 0 0
121 a 1 1 0
122 a^2 2 0 0
122 a 1 1 0
123 a^2 2 0 0
123 a 1 1 0
124 a^2 2 0 0
124 a 1 1 0
125 a^2 2 1 0
125 a 1 0 0
126 a^2 2 1 0
126 a 1 0 0
127 a^2 2 1 0
127 a 1 0 0
128 a^2 2 1 0
128 a 1 0 0
129 a+ 1 1 0
130 a+ 1 1 0
131 a+ 1 1 0
132 a+ 1 1 0
133 a+ 1 1 0
134 a+ 1 1 0
135 a+ 1 1 0
136 a+ 1 1 0
137 a+ 1 1 0
138 a+ 1 1 0
139 a+ 1 1 0
140 a+ 1 1 0
141 a+ 1 1 0
142 a+ 1 1 0
143 a+ 1 1 0
144 a+ 1 1 0
145 a^2 2 1 0
145 a 1 0 0
146 a^2 2 1 0
146 a 1 0 0
147 a^2 2 0 0
147 a 1 1 0
148 a^2 2 0 0
148 a 1 1 0
149 a^2 2 1 0
149 a 1 0 0
150 a^2 2 1 0
150 a 1 0 0
151 a^2 2 0 0
151 a 1 1 0
152 a^2 2 0 0
152 a 1 1 0
153 a^2 2 0 0
153 a 1 1 0
154 a^2 2 0 0
154 a 1 1 0
155 a^2 2 1 0
155 a 1 0 0
156 a^2 2 1 0
156 a 1 0 0
157 a^2 2 0 0
157 a 1 1 0
158 a^2 2 0 0
158 a 1 1 0
159 a^2 2 1 0
159 a 1 0 0
160 a^2 2 1 0
160 a 1 0 0
161 a+ 1 1 0
162 a+ 1 1 0
163 a+ 1 1 0
164 a+ 1 1 0
165 a+ 1 1 0
166 a+ 1 1 0
167 a+ 1 1 0
168 a+ 1 1 0
169 a+ 1 1 0
170 a+ 1 1 0
171 a+ 1 1 0
172 a+ 1 1 0
173 a+ 1 1 0
174 a+ 1 1 0
175 a+ 1 1 0
176 a+ 1 1 0
177 a^2 2 1 0
177 a 1 0 0
178 a^2 2 0 0
178 a 1 1 0
179 a^2 2 1 0
179 a 1 0 0
180 a^2 2 0 0
180 a 1 1 0
181 a^2 2 1 0
181 a 1 0 0
182 a^2 2 0 0
182 a 1 1 0
183 a^2 2 1 0
183 a 1 0 0
184 a^2 2 0 0
184 a 1 1 0
185 a^2 2 0 0
185 a 1 1 0
186 a^2 2 1 0
186 a 1 0 0
187 a^2 2 0 0
187 a 1 1 0
188 a^2 2 1 0
188 a 1 0 0
189 a^2 2 0 0
189 a 1 1 0
190 a^2 2 1 0
190 a 1 0 0
191 a^2 2 0 0
191 a 1 1 0
192 a^2 2 1 0
192 a 1 0 0
193 a+ 1 1 0
194 a+ 1 1 0
195 a+ 1 1 0
196 a+ 1 1 0
197 a+ 1 1 0
198 a+ 1 1 0
199 a+ 1 1 0
200 a+ 1 1 0
201 a+ 1 1 0
202 a+ 1 1 0
203 a+ 1 1 0
204 a+ 1 1 0
205 a+ 1 1 0
206 a+ 1 1 0
207 a+ 1 1 0
208 a+ 1 1 0
209 a^2 2 1 0
209 a 1 0 0
210 a^2 2 1 0
210 a 1 0 0
211 a^2 2 1 0
211 a 1 0 0
212 a^2 2 1 0
212 a 1 0 0
213 a^2 2 1 0
213 a 1 0 0
214 a^2 2 1 0
214 a 1 0 0
215 a^2 2 1 0
215 a 1 0 0
216 a^2 2 1 0
216 a 1 0 0
217 a^2 2 0 0
217 a 1 1 0
218 a^2 2 0 0
218 a 1 1 0
219 a^2 2 0 0
219 a 1 1 0
220 a^2 2 0 0
220 a 1 1 0
221 a^2 2 0 0
221 a 1 1 0
222 a^2 2 0 0
222 a 1 1 0
223 a^2 2 0 0
223 a 1 1 0
224 a^2 2 0 0
224 a 1 1 0
225 a+ 1 1 0
226 a+ 1 1 0
227 a+ 1 1 0
228 a+ 1 1 0
229 a+ 1 1 0
230 a+ 1 1 0
231 a+ 1 1 0
232 a+ 1 1 0
233 a+ 1 1 0
234 a+ 1 1 0
235 a+ 1 1 0
236 a+ 1 1 0
237 a+ 1 1 0
238 a+ 1 1 0
239 a+ 1 1 0
240 a+ 1 1 0
241 a^2 2 1 0
241 a 1 0 0
242 a^2 2 1 0
242 a 1 0 0
243 a^2 2 1 0
243 a 1 0 0
244 a^2 2 1 0
244 a 1 0 0
245 a^2 2 0 0
245 a 1 1 0
246 a^2 2 0 0
246 a 1 1 0
247 a^2 2 0 0
247 a 1 1 0
248 a^2 2 0 0
248 a 1 1 0
249 a^2 2 1 0
249 a 1 0 0
250 a^2 2 1 0
250 a 1 0 0
251 a^2 2 1 0
251 a 1 0 0
252 a^2 2 1 0
252 a 1 0 0
253 a^2 2 0 0
253 a 1 1 0
254 a^2 2 0 0
254 a 1 1 0
255 a^2 2 0 0
255 a 1 1 0
256 a^2 2 0 0
256 a 1 1 0
257 a+ 1 1 0
258 a+ 1 1 0
259 a+ 1 1 0
260 a+ 1 1 0
261 a+ 1 1 0
262 a+ 1 1 0
263 a+ 1 1 0
264 a+ 1 1 0
265 a+ 1 1 0
266 a+ 1 1 0
267 a+ 1 1 0
268 a+ 1 1 0
269 a+ 1 1 0
270 a+ 1 1 0
271 a+ 1 1 0
272 a+ 1 1 0
273 a^2 2 1 0
273 a 1 0 0
274 a^2 2 1 0
274 a 1 0 0
275 a^2 2 0 0
275 a 1 1 0
276 a^2 2 0 0
276 a 1 1 0
277 a^2 2 1 0
277 a 1 0 0
278 a^2 2 1 0
278 a 1 0 0
279 a^2 2 0 0
279 a 1 1 0
280 a^2 2 0 0
280 a 1 1 0
281 a^2 2 1 0
281 a 1 0 0
282 a^2 2 1 0
282 a 1 0 0
283 a^2 2 0 0
283 a 1 1 0
284 a^2 2 0 0
284 a 1 1 0
285 a^2 2 1 0
285 a 1 0 0
286 a^2 2 1 0
286 a 1 0 0
287 a^2 2 0 0
287 a 1 1 0
288 a^2 2 0 0
288 a 1 1 0
289 a+ 1 1 0
290 a+ 1 1 0
291 a+ 1 1 0
292 a+ 1 1 0
293 a+ 1 1 0
294 a+ 1 1 0
295 a+ 1 1 0
296 a+ 1 1 0
297 a+ 1 1 0
298 a+ 1 1 0
299 a+ 1 1 0
300 a+ 1 1 0
301 a+ 1 1 0
302 a+ 1 1 0
303 a+ 1 1 0
304 a+ 1 1 0
305 a^2 2 1 0
305 a 1 0 0
306 a^2 2 0 0
306 a 1 1 0
307 a^2 2 1 0
307 a 1 0 0
308 a^2 2 0 0
308 a 1 1 0
309 a^2 2 1 0
309 a 1 0 0
310 a^2 2 0 0
310 a 1 1 0
311 a^2 2 1 0
311 a 1 0 0
312 a^2 2 0 0
312 a 1 1 0
313 a^2 2 1 0
313 a 1 0 0
314 a^2 2 0 0
314 a 1 1 0
315 a^2 2 1 0
315 a 1 0 0
316 a^2 2 0 0
316 a 1 1 0
317 a^2 2 1 0
317 a 1 0 0
318 a^2 2 0 0
318 a 1 1 0
319 a^2 2 1 0
319 a 1 0 0
320 a^2 2 0 0
320 a 1 1 0
in{0}
in{1}
in{2}
in{3}
in{4}
in{5}
in{6}
in{7}
in{8}
in{9}
in{10}
in{11}
in{12}
in{13}
in{14}
in{15}
mid1{0}
mid1{1}
mid1{2}
mid1{3}
mid1{4}
mid1{5}
mid1{6}
mid1{7}
mid1{8}
mid1{9}
mid1{10}
mid1{11}
mid1{12}
mid1{13}
mid1{14}
mid1{15}
mid2{0}
mid2{1}
mid2{2}
mid2{3}
mid2{4}
mid2{5}
mid2{6}
mid2{7}
mid2{8}
mid2{9}
mid2{10}
mid2{11}
mid2{12}
mid2{13}
mid2{14}
mid2{15}
mid3{0}
mid3{1}
mid3{2}
mid3{3}
mid3{4}
mid3{5}
mid3{6}
mid3{7}
mid3{8}
mid3{9}
mid3{10}
mid3{11}
mid3{12}
mid3{13}
mid3{14}
mid3{15}
mid4{0}
mid4{1}
mid4{2}
mid4{3}
mid4{4}
mid4{5}
mid4{6}
mid4{7}
mid4{8}
mid4{9}
mid4{10}
mid4{11}
mid4{12}
mid4{13}
mid4{14}
mid4{15}
mid5{0}
mid5{1}
mid5{2}
mid5{3}
mid5{4}
mid5{5}
mid5{6}
mid5{7}
mid5{8}
mid5{9}
mid5{10}
mid5{11}
mid5{12}
mid5{13}
mid5{14}
mid5{15}
mid6{0}
mid6{1}
mid6{2}
mid6{3}
mid6{4}
mid6{5}
mid6{6}
mid6{7}
mid6{8}
mid6{9}
mid6{10}
mid6{11}
mid6{12}
mid6{13}
mid6{14}
mid6{15}
mid7{0}
mid7{1}
mid7{2}
mid7{3}
mid7{4}
mid7{5}
mid7{6}
mid7{7}
mid7{8}
mid7{9}
mid7{10}
mid7{11}
mid7{12}
mid7{13}
mid7{14}
mid7{15}
mid8{0}
mid8{1}
mid8{2}
mid8{3}
mid8{4}
mid8{5}
mid8{6}
mid8{7}
mid8{8}
mid8{9}
mid8{10}
mid8{11}
mid8{12}
mid8{13}
mid8{14}
mid8{15}
mid9{0}
mid9{1}
mid9{2}
mid9{3}
mid9{4}
mid9{5}
mid9{6}
mid9{7}
mid9{8}
mid9{9}
mid9{10}
mid9{11}
mid9{12}
mid9{13}
mid9{14}
mid9{15}
mid10{0}
mid10{1}
mid10{2}
mid10{3}
mid10{4}
mid10{5}
mid10{6}
mid10{7}
mid10{8}
mid10{9}
mid10{10}
mid10{11}
mid10{12}
mid10{13}
mid10{14}
mid10{15}
mid11{0}
mid11{1}
mid11{2}
mid11{3}
mid11{4}
mid11{5}
mid11{6}
mid11{7}
mid11{8}
mid11{9}
mid11{10}
mid11{11}
mid11{12}
mid11{13}
mid11{14}
mid11{15}
mid12{0}
mid12{1}
mid12{2}
mid12{3}
mid12{4}
mid12{5}
mid12{6}
mid12{7}
mid12{8}
mid12{9}
mid12{10}
mid12{11}
mid12{12}
mid12{13}
mid12{14}
mid12{15}
mid13{0}
mid13{1}
mid13{2}
mid13{3}
mid13{4}
mid13{5}
mid13{6}
mid13{7}
mid13{8}
mid13{9}
mid13{10}
mid13{11}
mid13{12}
mid13{13}
mid13{14}
mid13{15}
mid14{0}
mid14{1}
mid14{2}
mid14{3}
mid14{4}
mid14{5}
mid14{6}
mid14{7}
mid14{8}
mid14{9}
mid14{10}
mid14{11}
mid14{12}
mid14{13}
mid14{14}
mid14{15}
mid15{0}
mid15{1}
mid15{2}
mid15{3}
mid15{4}
mid15{5}
mid15{6}
mid15{7}
mid15{8}
mid15{9}
mid15{10}
mid15{11}
mid15{12}
mid15{13}
mid15{14}
mid15{15}
mid16{0}
mid16{1}
mid16{2}
mid16{3}
mid16{4}
mid16{5}
mid16{6}
mid16{7}
mid16{8}
mid16{9}
mid16{10}
mid16{11}
mid16{12}
mid16{13}
mid16{14}
mid16{15}
mid17{0}
mid17{1}
mid17{2}
mid17{3}
mid17{4}
mid17{5}
mid17{6}
mid17{7}
mid17{8}
mid17{9}
mid17{10}
mid17{11}
mid17{12}
mid17{13}
mid17{14}
mid17{15}
mid18{0}
mid18{1}
mid18{2}
mid18{3}
mid18{4}
mid18{5}
mid18{6}
mid18{7}
mid18{8}
mid18{9}
mid18{10}
mid18{11}
mid18{12}
mid18{13}
mid18{14}
mid18{15}
mid19{0}
mid19{1}
mid19{2}
mid19{3}
mid19{4}
mid19{5}
mid19{6}
mid19{7}
mid19{8}
mid19{9}
mid19{10}
mid19{11}
mid19{12}
mid19{13}
mid19{14}
mid19{15}
out{0}
out{1}
out{2}
out{3}
out{4}
out{5}
out{6}
out{7}
out{8}
out{9}
out{10}
out{11}
out{12}
out{13}
out{14}
out{15}
-1
17 18 
17 18 
19 20 
19 20 
21 22 
21 22 
23 24 
23 24 
25 26 
25 26 
27 28 
27 28 
29 30 
29 30 
31 32 
31 32 
33 34 
34 
35 
35 36 
37 38 
38 
39 
39 40 
41 42 
42 
43 
43 44 
45 46 
46 
47 
47 48 
49 51 
50 52 
49 51 
50 52 
53 55 
54 56 
53 55 
54 56 
57 59 
58 60 
57 59 
58 60 
61 63 
62 64 
61 63 
62 64 
65 67 
66 68 
67 
68 
69 
70 
69 71 
70 72 
73 75 
74 76 
75 
76 
77 
78 
77 79 
78 80 
81 82 
81 82 
83 84 
83 84 
85 86 
85 86 
87 88 
87 88 
89 90 
89 90 
91 92 
91 92 
93 94 
93 94 
95 96 
95 96 
97 98 
98 
99 100 
100 
101 
101 102 
103 
103 104 
105 106 
106 
107 108 
108 
109 
109 110 
111 
111 112 
113 117 
114 118 
115 119 
116 120 
113 117 
114 118 
115 119 
116 120 
121 125 
122 126 
123 127 
124 128 
121 125 
122 126 
123 127 
124 128 
129 133 
130 134 
131 135 
132 136 
133 
134 
135 
136 
137 
138 
139 
140 
137 141 
138 142 
139 143 
140 144 
145 147 
146 148 
145 147 
146 148 
149 151 
150 152 
149 151 
150 152 
153 155 
154 156 
153 155 
154 156 
157 159 
158 160 
157 159 
158 160 
161 163 
162 164 
163 
164 
165 167 
166 168 
167 
168 
169 
170 
169 171 
170 172 
173 
174 
173 175 
174 176 
177 178 
177 178 
179 180 
179 180 
181 182 
181 182 
183 184 
183 184 
185 186 
185 186 
187 188 
187 188 
189 190 
189 190 
191 192 
191 192 
193 194 
194 
195 196 
196 
197 198 
198 
199 200 
200 
201 
201 202 
203 
203 204 
205 
205 206 
207 
207 208 
209 217 
210 218 
211 219 
212 220 
213 221 
214 222 
215 223 
216 224 
209 217 
210 218 
211 219 
212 220 
213 221 
214 222 
215 223 
216 224 
225 233 
226 234 
227 235 
228 236 
229 237 
230 238 
231 239 
232 240 
233 
234 
235 
236 
237 
238 
239 
240 
241 245 
242 246 
243 247 
244 248 
241 245 
242 246 
243 247 
244 248 
249 253 
250 254 
251 255 
252 256 
249 253 
250 254 
251 255 
252 256 
257 261 
258 262 
259 263 
260 264 
261 
262 
263 
264 
265 269 
266 270 
267 271 
268 272 
269 
270 
271 
272 
273 275 
274 276 
273 275 
274 276 
277 279 
278 280 
277 279 
278 280 
281 283 
282 284 
281 283 
282 284 
285 287 
286 288 
285 287 
286 288 
289 291 
290 292 
291 
292 
293 295 
294 296 
295 
296 
297 299 
298 300 
299 
300 
301 303 
302 304 
303 
304 
305 306 
305 306 
307 308 
307 308 
309 310 
309 310 
311 312 
311 312 
313 314 
313 314 
315 316 
315 316 
317 318 
317 318 
319 320 
319 320 
321 322 
322 
323 324 
324 
325 326 
326 
327 328 
328 
329 330 
330 
331 332 
332 
333 334 
334 
335 336 
336 
-1 
-1 
-1 
-1 
-1 
-1 
-1 
-1 
-1 
-1 
-1 
-1 
-1 
-1 
-1 
-1 
