272
48
54 93 86 11 92 4 61 49 43 72 43 17 40 42 70 28 0 0 0 0 0 0 0 0 0 0 0 0 0 0 0 0 0 0 0 0 0 0 0 0 0 0 0 0 0 0 0 0
1 a* 1 1 0
2 a* 1 1 0
3 a* 1 1 0
4 a* 1 1 0
5 a* 1 1 0
6 a* 1 1 0
7 a* 1 1 0
8 a* 1 1 0
9 a* 1 1 0
10 a* 1 1 0
11 a* 1 1 0
12 a* 1 1 0
13 a* 1 1 0
14 a* 1 1 0
15 a* 1 1 0
16 a* 1 1 0
17 a^16 16 1 0
17 a^15 15 0 0
17 a^14 14 0 0
17 a^13 13 0 0
17 a^12 12 0 0
17 a^11 11 0 0
17 a^10 10 0 0
17 a^9 9 0 0
17 a^8 8 0 0
17 a^7 7 0 0
17 a^6 6 0 0
17 a^5 5 0 0
17 a^4 4 0 0
17 a^3 3 0 0
17 a^2 2 0 0
17 a 1 0 0
18 a^16 16 0 0
18 a^15 15 1 0
18 a^14 14 0 0
18 a^13 13 0 0
18 a^12 12 0 0
18 a^11 11 0 0
18 a^10 10 0 0
18 a^9 9 0 0
18 a^8 8 0 0
18 a^7 7 0 0
18 a^6 6 0 0
18 a^5 5 0 0
18 a^4 4 0 0
18 a^3 3 0 0
18 a^2 2 0 0
18 a 1 0 0
19 a^16 16 0 0
19 a^15 15 0 0
19 a^14 14 1 0
19 a^13 13 0 0
19 a^12 12 0 0
19 a^11 11 0 0
19 a^10 10 0 0
19 a^9 9 0 0
19 a^8 8 0 0
19 a^7 7 0 0
19 a^6 6 0 0
19 a^5 5 0 0
19 a^4 4 0 0
19 a^3 3 0 0
19 a^2 2 0 0
19 a 1 0 0
20 a^16 16 0 0
20 a^15 15 0 0
20 a^14 14 0 0
20 a^13 13 1 0
20 a^12 12 0 0
20 a^11 11 0 0
20 a^10 10 0 0
20 a^9 9 0 0
20 a^8 8 0 0
20 a^7 7 0 0
20 a^6 6 0 0
20 a^5 5 0 0
20 a^4 4 0 0
20 a^3 3 0 0
20 a^2 2 0 0
20 a 1 0 0
21 a^16 16 0 0
21 a^15 15 0 0
21 a^14 14 0 0
21 a^13 13 0 0
21 a^12 12 1 0
21 a^11 11 0 0
21 a^10 10 0 0
21 a^9 9 0 0
21 a^8 8 0 0
21 a^7 7 0 0
21 a^6 6 0 0
21 a^5 5 0 0
21 a^4 4 0 0
21 a^3 3 0 0
21 a^2 2 0 0
21 a 1 0 0
22 a^16 16 0 0
22 a^15 15 0 0
22 a^14 14 0 0
22 a^13 13 0 0
22 a^12 12 0 0
22 a^11 11 1 0
22 a^10 10 0 0
22 a^9 9 0 0
22 a^8 8 0 0
22 a^7 7 0 0
22 a^6 6 0 0
22 a^5 5 0 0
22 a^4 4 0 0
22 a^3 3 0 0
22 a^2 2 0 0
22 a 1 0 0
23 a^16 16 0 0
23 a^15 15 0 0
23 a^14 14 0 0
23 a^13 13 0 0
23 a^12 12 0 0
23 a^11 11 0 0
23 a^10 10 1 0
23 a^9 9 0 0
23 a^8 8 0 0
23 a^7 7 0 0
23 a^6 6 0 0
23 a^5 5 0 0
23 a^4 4 0 0
23 a^3 3 0 0
23 a^2 2 0 0
23 a 1 0 0
24 a^16 16 0 0
24 a^15 15 0 0
24 a^14 14 0 0
24 a^13 13 0 0
24 a^12 12 0 0
24 a^11 11 0 0
24 a^10 10 0 0
24 a^9 9 1 0
24 a^8 8 0 0
24 a^7 7 0 0
24 a^6 6 0 0
24 a^5 5 0 0
24 a^4 4 0 0
24 a^3 3 0 0
24 a^2 2 0 0
24 a 1 0 0
25 a^16 16 0 0
25 a^15 15 0 0
25 a^14 14 0 0
25 a^13 13 0 0
25 a^12 12 0 0
25 a^11 11 0 0
25 a^10 10 0 0
25 a^9 9 0 0
25 a^8 8 1 0
25 a^7 7 0 0
25 a^6 6 0 0
25 a^5 5 0 0
25 a^4 4 0 0
25 a^3 3 0 0
25 a^2 2 0 0
25 a 1 0 0
26 a^16 16 0 0
26 a^15 15 0 0
26 a^14 14 0 0
26 a^13 13 0 0
26 a^12 12 0 0
26 a^11 11 0 0
26 a^10 10 0 0
26 a^9 9 0 0
26 a^8 8 0 0
26 a^7 7 1 0
26 a^6 6 0 0
26 a^5 5 0 0
26 a^4 4 0 0
26 a^3 3 0 0
26 a^2 2 0 0
26 a 1 0 0
27 a^16 16 0 0
27 a^15 15 0 0
27 a^14 14 0 0
27 a^13 13 0 0
27 a^12 12 0 0
27 a^11 11 0 0
27 a^10 10 0 0
27 a^9 9 0 0
27 a^8 8 0 0
27 a^7 7 0 0
27 a^6 6 1 0
27 a^5 5 0 0
27 a^4 4 0 0
27 a^3 3 0 0
27 a^2 2 0 0
27 a 1 0 0
28 a^16 16 0 0
28 a^15 15 0 0
28 a^14 14 0 0
28 a^13 13 0 0
28 a^12 12 0 0
28 a^11 11 0 0
28 a^10 10 0 0
28 a^9 9 0 0
28 a^8 8 0 0
28 a^7 7 0 0
28 a^6 6 0 0
28 a^5 5 1 0
28 a^4 4 0 0
28 a^3 3 0 0
28 a^2 2 0 0
28 a 1 0 0
29 a^16 16 0 0
29 a^15 15 0 0
29 a^14 14 0 0
29 a^13 13 0 0
29 a^12 12 0 0
29 a^11 11 0 0
29 a^10 10 0 0
29 a^9 9 0 0
29 a^8 8 0 0
29 a^7 7 0 0
29 a^6 6 0 0
29 a^5 5 0 0
29 a^4 4 1 0
29 a^3 3 0 0
29 a^2 2 0 0
29 a 1 0 0
30 a^16 16 0 0
30 a^15 15 0 0
30 a^14 14 0 0
30 a^13 13 0 0
30 a^12 12 0 0
30 a^11 11 0 0
30 a^10 10 0 0
30 a^9 9 0 0
30 a^8 8 0 0
30 a^7 7 0 0
30 a^6 6 0 0
30 a^5 5 0 0
30 a^4 4 0 0
30 a^3 3 1 0
30 a^2 2 0 0
30 a 1 0 0
31 a^16 16 0 0
31 a^15 15 0 0
31 a^14 14 0 0
31 a^13 13 0 0
31 a^12 12 0 0
31 a^11 11 0 0
31 a^10 10 0 0
31 a^9 9 0 0
31 a^8 8 0 0
31 a^7 7 0 0
31 a^6 6 0 0
31 a^5 5 0 0
31 a^4 4 0 0
31 a^3 3 0 0
31 a^2 2 1 0
31 a 1 0 0
32 a^16 16 0 0
32 a^15 15 0 0
32 a^14 14 0 0
32 a^13 13 0 0
32 a^12 12 0 0
32 a^11 11 0 0
32 a^10 10 0 0
32 a^9 9 0 0
32 a^8 8 0 0
32 a^7 7 0 0
32 a^6 6 0 0
32 a^5 5 0 0
32 a^4 4 0 0
32 a^3 3 0 0
32 a^2 2 0 0
32 a 1 1 0
in{0}
in{1}
in{2}
in{3}
in{4}
in{5}
in{6}
in{7}
in{8}
in{9}
in{10}
in{11}
in{12}
in{13}
in{14}
in{15}
mid{0}
mid{1}
mid{2}
mid{3}
mid{4}
mid{5}
mid{6}
mid{7}
mid{8}
mid{9}
mid{10}
mid{11}
mid{12}
mid{13}
mid{14}
mid{15}
out{0}
out{1}
out{2}
out{3}
out{4}
out{5}
out{6}
out{7}
out{8}
out{9}
out{10}
out{11}
out{12}
out{13}
out{14}
out{15}
-1
17 18 19 20 21 22 23 24 25 26 27 28 29 30 31 32 
17 18 19 20 21 22 23 24 25 26 27 28 29 30 31 32 
17 18 19 20 21 22 23 24 25 26 27 28 29 30 31 32 
17 18 19 20 21 22 23 24 25 26 27 28 29 30 31 32 
17 18 19 20 21 22 23 24 25 26 27 28 29 30 31 32 
17 18 19 20 21 22 23 24 25 26 27 28 29 30 31 32 
17 18 19 20 21 22 23 24 25 26 27 28 29 30 31 32 
17 18 19 20 21 22 23 24 25 26 27 28 29 30 31 32 
17 18 19 20 21 22 23 24 25 26 27 28 29 30 31 32 
17 18 19 20 21 22 23 24 25 26 27 28 29 30 31 32 
17 18 19 20 21 22 23 24 25 26 27 28 29 30 31 32 
17 18 19 20 21 22 23 24 25 26 27 28 29 30 31 32 
17 18 19 20 21 22 23 24 25 26 27 28 29 30 31 32 
17 18 19 20 21 22 23 24 25 26 27 28 29 30 31 32 
17 18 19 20 21 22 23 24 25 26 27 28 29 30 31 32 
17 18 19 20 21 22 23 24 25 26 27 28 29 30 31 32 
33 34 35 36 37 38 39 40 41 42 43 44 45 46 47 48 
34 35 36 37 38 39 40 41 42 43 44 45 46 47 48 
35 36 37 38 39 40 41 42 43 44 45 46 47 48 
36 37 38 39 40 41 42 43 44 45 46 47 48 
37 38 39 40 41 42 43 44 45 46 47 48 
38 39 40 41 42 43 44 45 46 47 48 
39 40 41 42 43 44 45 46 47 48 
40 41 42 43 44 45 46 47 48 
41 42 43 44 45 46 47 48 
42 43 44 45 46 47 48 
43 44 45 46 47 48 
44 45 46 47 48 
45 46 47 48 
46 47 48 
47 48 
48 
-1 
-1 
-1 
-1 
-1 
-1 
-1 
-1 
-1 
-1 
-1 
-1 
-1 
-1 
-1 
-1 
