1440
992
60 15 47 88 89 73 63 17 19 67 26 82 32 46 87 36 47 20 32 35 12 40 19 36 34 67 81 58 28 65 66 21 0 0 0 0 0 0 0 0 0 0 0 0 0 0 0 0 0 0 0 0 0 0 0 0 0 0 0 0 0 0 0 0 0 0 0 0 0 0 0 0 0 0 0 0 0 0 0 0 0 0 0 0 0 0 0 0 0 0 0 0 0 0 0 0 0 0 0 0 0 0 0 0 0 0 0 0 0 0 0 0 0 0 0 0 0 0 0 0 0 0 0 0 0 0 0 0 0 0 0 0 0 0 0 0 0 0 0 0 0 0 0 0 0 0 0 0 0 0 0 0 0 0 0 0 0 0 0 0 0 0 0 0 0 0 0 0 0 0 0 0 0 0 0 0 0 0 0 0 0 0 0 0 0 0 0 0 0 0 0 0 0 0 0 0 0 0 0 0 0 0 0 0 0 0 0 0 0 0 0 0 0 0 0 0 0 0 0 0 0 0 0 0 0 0 0 0 0 0 0 0 0 0 0 0 0 0 0 0 0 0 0 0 0 0 0 0 0 0 0 0 0 0 0 0 0 0 0 0 0 0 0 0 0 0 0 0 0 0 0 0 0 0 0 0 0 0 0 0 0 0 0 0 0 0 0 0 0 0 0 0 0 0 0 0 0 0 0 0 0 0 0 0 0 0 0 0 0 0 0 0 0 0 0 0 0 0 0 0 0 0 0 0 0 0 0 0 0 0 0 0 0 0 0 0 0 0 0 0 0 0 0 0 0 0 0 0 0 0 0 0 0 0 0 0 0 0 0 0 0 0 0 0 0 0 0 0 0 0 0 0 0 0 0 0 0 0 0 0 0 0 0 0 0 0 0 0 0 0 0 0 0 0 0 0 0 0 0 0 0 0 0 0 0 0 0 0 0 0 0 0 0 0 0 0 0 0 0 0 0 0 0 0 0 0 0 0 0 0 0 0 0 0 0 0 0 0 0 0 0 0 0 0 0 0 0 0 0 0 0 0 0 0 0 0 0 0 0 0 0 0 0 0 0 0 0 0 0 0 0 0 0 0 0 0 0 0 0 0 0 0 0 0 0 0 0 0 0 0 0 0 0 0 0 0 0 0 0 0 0 0 0 0 0 0 0 0 0 0 0 0 0 0 0 0 0 0 0 0 0 0 0 0 0 0 0 0 0 0 0 0 0 0 0 0 0 0 0 0 0 0 0 0 0 0 0 0 0 0 0 0 0 0 0 0 0 0 0 0 0 0 0 0 0 0 0 0 0 0 0 0 0 0 0 0 0 0 0 0 0 0 0 0 0 0 0 0 0 0 0 0 0 0 0 0 0 0 0 0 0 0 0 0 0 0 0 0 0 0 0 0 0 0 0 0 0 0 0 0 0 0 0 0 0 0 0 0 0 0 0 0 0 0 0 0 0 0 0 0 0 0 0 0 0 0 0 0 0 0 0 0 0 0 0 0 0 0 0 0 0 0 0 0 0 0 0 0 0 0 0 0 0 0 0 0 0 0 0 0 0 0 0 0 0 0 0 0 0 0 0 0 0 0 0 0 0 0 0 0 0 0 0 0 0 0 0 0 0 0 0 0 0 0 0 0 0 0 0 0 0 0 0 0 0 0 0 0 0 0 0 0 0 0 0 0 0 0 0 0 0 0 0 0 0 0 0 0 0 0 0 0 0 0 0 0 0 0 0 0 0 0 0 0 0 0 0 0 0 0 0 0 0 0 0 0 0 0 0 0 0 0 0 0 0 0 0 0 0 0 0 0 0 0 0 0 0 0 0 0 0 0 0 0 0 0 0 0 0 0 0 0 0 0 0 0 0 0 0 0 0 0 0 0 0 0 0 0 0 0 0 0 0 0 0 0 0 0 0 0 0 0 0 0 0 0 0 0 0 0 0 0 0 0 0 0 0 0 0 0 0 0 0 0 0 0 0 0 0 0 0 0 0 0 0 0 0 0 0 0 0 0 0 0 0 0 0 0 0 0 0 0 0 0 0 0 0 0 0 0 0 0 0 0 0 0 0 0 0 0 0 0 0 0 0 0 0 0 0 0 0 0 0 0 0 0 0 0 0 0 0 0 0 0 0 0 0 0 0 0 0 0 0 0 0 0 0 0 0 0 0 0 0 0 0 0 0 0 0 0 0 0 0 0 0 0 0 0 0 0 0 0 0 0 0 0 0 0 0 0 0 0 0 0 0 0 0 0 0 0 0 0
1 a+ 1 1 0
2 a+ 1 1 0
3 a+ 1 1 0
4 a+ 1 1 0
5 a+ 1 1 0
6 a+ 1 1 0
7 a+ 1 1 0
8 a+ 1 1 0
9 a+ 1 1 0
10 a+ 1 1 0
11 a+ 1 1 0
12 a+ 1 1 0
13 a+ 1 1 0
14 a+ 1 1 0
15 a+ 1 1 0
16 a+ 1 1 0
17 a+ 1 1 0
18 a+ 1 1 0
19 a+ 1 1 0
20 a+ 1 1 0
21 a+ 1 1 0
22 a+ 1 1 0
23 a+ 1 1 0
24 a+ 1 1 0
25 a+ 1 1 0
26 a+ 1 1 0
27 a+ 1 1 0
28 a+ 1 1 0
29 a+ 1 1 0
30 a+ 1 1 0
31 a+ 1 1 0
32 a+ 1 1 0
33 a^2 2 1 0
33 a 1 0 0
34 a^2 2 0 0
34 a 1 1 0
35 a^2 2 0 0
35 a 1 1 0
36 a^2 2 1 0
36 a 1 0 0
37 a^2 2 1 0
37 a 1 0 0
38 a^2 2 0 0
38 a 1 1 0
39 a^2 2 0 0
39 a 1 1 0
40 a^2 2 1 0
40 a 1 0 0
41 a^2 2 1 0
41 a 1 0 0
42 a^2 2 0 0
42 a 1 1 0
43 a^2 2 0 0
43 a 1 1 0
44 a^2 2 1 0
44 a 1 0 0
45 a^2 2 1 0
45 a 1 0 0
46 a^2 2 0 0
46 a 1 1 0
47 a^2 2 0 0
47 a 1 1 0
48 a^2 2 1 0
48 a 1 0 0
49 a^2 2 1 0
49 a 1 0 0
50 a^2 2 0 0
50 a 1 1 0
51 a^2 2 0 0
51 a 1 1 0
52 a^2 2 1 0
52 a 1 0 0
53 a^2 2 1 0
53 a 1 0 0
54 a^2 2 0 0
54 a 1 1 0
55 a^2 2 0 0
55 a 1 1 0
56 a^2 2 1 0
56 a 1 0 0
57 a^2 2 1 0
57 a 1 0 0
58 a^2 2 0 0
58 a 1 1 0
59 a^2 2 0 0
59 a 1 1 0
60 a^2 2 1 0
60 a 1 0 0
61 a^2 2 1 0
61 a 1 0 0
62 a^2 2 0 0
62 a 1 1 0
63 a^2 2 0 0
63 a 1 1 0
64 a^2 2 1 0
64 a 1 0 0
65 a+ 1 1 0
66 a+ 1 1 0
67 a+ 1 1 0
68 a+ 1 1 0
69 a+ 1 1 0
70 a+ 1 1 0
71 a+ 1 1 0
72 a+ 1 1 0
73 a+ 1 1 0
74 a+ 1 1 0
75 a+ 1 1 0
76 a+ 1 1 0
77 a+ 1 1 0
78 a+ 1 1 0
79 a+ 1 1 0
80 a+ 1 1 0
81 a+ 1 1 0
82 a+ 1 1 0
83 a+ 1 1 0
84 a+ 1 1 0
85 a+ 1 1 0
86 a+ 1 1 0
87 a+ 1 1 0
88 a+ 1 1 0
89 a+ 1 1 0
90 a+ 1 1 0
91 a+ 1 1 0
92 a+ 1 1 0
93 a+ 1 1 0
94 a+ 1 1 0
95 a+ 1 1 0
96 a+ 1 1 0
97 a^2 2 1 0
97 a 1 0 0
98 a^2 2 1 0
98 a 1 0 0
99 a^2 2 0 0
99 a 1 1 0
100 a^2 2 0 0
100 a 1 1 0
101 a^2 2 0 0
101 a 1 1 0
102 a^2 2 0 0
102 a 1 1 0
103 a^2 2 1 0
103 a 1 0 0
104 a^2 2 1 0
104 a 1 0 0
105 a^2 2 1 0
105 a 1 0 0
106 a^2 2 1 0
106 a 1 0 0
107 a^2 2 0 0
107 a 1 1 0
108 a^2 2 0 0
108 a 1 1 0
109 a^2 2 0 0
109 a 1 1 0
110 a^2 2 0 0
110 a 1 1 0
111 a^2 2 1 0
111 a 1 0 0
112 a^2 2 1 0
112 a 1 0 0
113 a^2 2 1 0
113 a 1 0 0
114 a^2 2 1 0
114 a 1 0 0
115 a^2 2 0 0
115 a 1 1 0
116 a^2 2 0 0
116 a 1 1 0
117 a^2 2 0 0
117 a 1 1 0
118 a^2 2 0 0
118 a 1 1 0
119 a^2 2 1 0
119 a 1 0 0
120 a^2 2 1 0
120 a 1 0 0
121 a^2 2 1 0
121 a 1 0 0
122 a^2 2 1 0
122 a 1 0 0
123 a^2 2 0 0
123 a 1 1 0
124 a^2 2 0 0
124 a 1 1 0
125 a^2 2 0 0
125 a 1 1 0
126 a^2 2 0 0
126 a 1 1 0
127 a^2 2 1 0
127 a 1 0 0
128 a^2 2 1 0
128 a 1 0 0
129 a+ 1 1 0
130 a+ 1 1 0
131 a+ 1 1 0
132 a+ 1 1 0
133 a+ 1 1 0
134 a+ 1 1 0
135 a+ 1 1 0
136 a+ 1 1 0
137 a+ 1 1 0
138 a+ 1 1 0
139 a+ 1 1 0
140 a+ 1 1 0
141 a+ 1 1 0
142 a+ 1 1 0
143 a+ 1 1 0
144 a+ 1 1 0
145 a+ 1 1 0
146 a+ 1 1 0
147 a+ 1 1 0
148 a+ 1 1 0
149 a+ 1 1 0
150 a+ 1 1 0
151 a+ 1 1 0
152 a+ 1 1 0
153 a+ 1 1 0
154 a+ 1 1 0
155 a+ 1 1 0
156 a+ 1 1 0
157 a+ 1 1 0
158 a+ 1 1 0
159 a+ 1 1 0
160 a+ 1 1 0
161 a^2 2 1 0
161 a 1 0 0
162 a^2 2 0 0
162 a 1 1 0
163 a^2 2 1 0
163 a 1 0 0
164 a^2 2 0 0
164 a 1 1 0
165 a^2 2 0 0
165 a 1 1 0
166 a^2 2 1 0
166 a 1 0 0
167 a^2 2 0 0
167 a 1 1 0
168 a^2 2 1 0
168 a 1 0 0
169 a^2 2 1 0
169 a 1 0 0
170 a^2 2 0 0
170 a 1 1 0
171 a^2 2 1 0
171 a 1 0 0
172 a^2 2 0 0
172 a 1 1 0
173 a^2 2 0 0
173 a 1 1 0
174 a^2 2 1 0
174 a 1 0 0
175 a^2 2 0 0
175 a 1 1 0
176 a^2 2 1 0
176 a 1 0 0
177 a^2 2 1 0
177 a 1 0 0
178 a^2 2 0 0
178 a 1 1 0
179 a^2 2 1 0
179 a 1 0 0
180 a^2 2 0 0
180 a 1 1 0
181 a^2 2 0 0
181 a 1 1 0
182 a^2 2 1 0
182 a 1 0 0
183 a^2 2 0 0
183 a 1 1 0
184 a^2 2 1 0
184 a 1 0 0
185 a^2 2 1 0
185 a 1 0 0
186 a^2 2 0 0
186 a 1 1 0
187 a^2 2 1 0
187 a 1 0 0
188 a^2 2 0 0
188 a 1 1 0
189 a^2 2 0 0
189 a 1 1 0
190 a^2 2 1 0
190 a 1 0 0
191 a^2 2 0 0
191 a 1 1 0
192 a^2 2 1 0
192 a 1 0 0
193 a+ 1 1 0
194 a+ 1 1 0
195 a+ 1 1 0
196 a+ 1 1 0
197 a+ 1 1 0
198 a+ 1 1 0
199 a+ 1 1 0
200 a+ 1 1 0
201 a+ 1 1 0
202 a+ 1 1 0
203 a+ 1 1 0
204 a+ 1 1 0
205 a+ 1 1 0
206 a+ 1 1 0
207 a+ 1 1 0
208 a+ 1 1 0
209 a+ 1 1 0
210 a+ 1 1 0
211 a+ 1 1 0
212 a+ 1 1 0
213 a+ 1 1 0
214 a+ 1 1 0
215 a+ 1 1 0
216 a+ 1 1 0
217 a+ 1 1 0
218 a+ 1 1 0
219 a+ 1 1 0
220 a+ 1 1 0
221 a+ 1 1 0
222 a+ 1 1 0
223 a+ 1 1 0
224 a+ 1 1 0
225 a^2 2 1 0
225 a 1 0 0
226 a^2 2 1 0
226 a 1 0 0
227 a^2 2 1 0
227 a 1 0 0
228 a^2 2 1 0
228 a 1 0 0
229 a^2 2 0 0
229 a 1 1 0
230 a^2 2 0 0
230 a 1 1 0
231 a^2 2 0 0
231 a 1 1 0
232 a^2 2 0 0
232 a 1 1 0
233 a^2 2 0 0
233 a 1 1 0
234 a^2 2 0 0
234 a 1 1 0
235 a^2 2 0 0
235 a 1 1 0
236 a^2 2 0 0
236 a 1 1 0
237 a^2 2 1 0
237 a 1 0 0
238 a^2 2 1 0
238 a 1 0 0
239 a^2 2 1 0
239 a 1 0 0
240 a^2 2 1 0
240 a 1 0 0
241 a^2 2 1 0
241 a 1 0 0
242 a^2 2 1 0
242 a 1 0 0
243 a^2 2 1 0
243 a 1 0 0
244 a^2 2 1 0
244 a 1 0 0
245 a^2 2 0 0
245 a 1 1 0
246 a^2 2 0 0
246 a 1 1 0
247 a^2 2 0 0
247 a 1 1 0
248 a^2 2 0 0
248 a 1 1 0
249 a^2 2 0 0
249 a 1 1 0
250 a^2 2 0 0
250 a 1 1 0
251 a^2 2 0 0
251 a 1 1 0
252 a^2 2 0 0
252 a 1 1 0
253 a^2 2 1 0
253 a 1 0 0
254 a^2 2 1 0
254 a 1 0 0
255 a^2 2 1 0
255 a 1 0 0
256 a^2 2 1 0
256 a 1 0 0
257 a+ 1 1 0
258 a+ 1 1 0
259 a+ 1 1 0
260 a+ 1 1 0
261 a+ 1 1 0
262 a+ 1 1 0
263 a+ 1 1 0
264 a+ 1 1 0
265 a+ 1 1 0
266 a+ 1 1 0
267 a+ 1 1 0
268 a+ 1 1 0
269 a+ 1 1 0
270 a+ 1 1 0
271 a+ 1 1 0
272 a+ 1 1 0
273 a+ 1 1 0
274 a+ 1 1 0
275 a+ 1 1 0
276 a+ 1 1 0
277 a+ 1 1 0
278 a+ 1 1 0
279 a+ 1 1 0
280 a+ 1 1 0
281 a+ 1 1 0
282 a+ 1 1 0
283 a+ 1 1 0
284 a+ 1 1 0
285 a+ 1 1 0
286 a+ 1 1 0
287 a+ 1 1 0
288 a+ 1 1 0
289 a^2 2 1 0
289 a 1 0 0
290 a^2 2 1 0
290 a 1 0 0
291 a^2 2 0 0
291 a 1 1 0
292 a^2 2 0 0
292 a 1 1 0
293 a^2 2 1 0
293 a 1 0 0
294 a^2 2 1 0
294 a 1 0 0
295 a^2 2 0 0
295 a 1 1 0
296 a^2 2 0 0
296 a 1 1 0
297 a^2 2 0 0
297 a 1 1 0
298 a^2 2 0 0
298 a 1 1 0
299 a^2 2 1 0
299 a 1 0 0
300 a^2 2 1 0
300 a 1 0 0
301 a^2 2 0 0
301 a 1 1 0
302 a^2 2 0 0
302 a 1 1 0
303 a^2 2 1 0
303 a 1 0 0
304 a^2 2 1 0
304 a 1 0 0
305 a^2 2 1 0
305 a 1 0 0
306 a^2 2 1 0
306 a 1 0 0
307 a^2 2 0 0
307 a 1 1 0
308 a^2 2 0 0
308 a 1 1 0
309 a^2 2 1 0
309 a 1 0 0
310 a^2 2 1 0
310 a 1 0 0
311 a^2 2 0 0
311 a 1 1 0
312 a^2 2 0 0
312 a 1 1 0
313 a^2 2 0 0
313 a 1 1 0
314 a^2 2 0 0
314 a 1 1 0
315 a^2 2 1 0
315 a 1 0 0
316 a^2 2 1 0
316 a 1 0 0
317 a^2 2 0 0
317 a 1 1 0
318 a^2 2 0 0
318 a 1 1 0
319 a^2 2 1 0
319 a 1 0 0
320 a^2 2 1 0
320 a 1 0 0
321 a+ 1 1 0
322 a+ 1 1 0
323 a+ 1 1 0
324 a+ 1 1 0
325 a+ 1 1 0
326 a+ 1 1 0
327 a+ 1 1 0
328 a+ 1 1 0
329 a+ 1 1 0
330 a+ 1 1 0
331 a+ 1 1 0
332 a+ 1 1 0
333 a+ 1 1 0
334 a+ 1 1 0
335 a+ 1 1 0
336 a+ 1 1 0
337 a+ 1 1 0
338 a+ 1 1 0
339 a+ 1 1 0
340 a+ 1 1 0
341 a+ 1 1 0
342 a+ 1 1 0
343 a+ 1 1 0
344 a+ 1 1 0
345 a+ 1 1 0
346 a+ 1 1 0
347 a+ 1 1 0
348 a+ 1 1 0
349 a+ 1 1 0
350 a+ 1 1 0
351 a+ 1 1 0
352 a+ 1 1 0
353 a^2 2 1 0
353 a 1 0 0
354 a^2 2 0 0
354 a 1 1 0
355 a^2 2 1 0
355 a 1 0 0
356 a^2 2 0 0
356 a 1 1 0
357 a^2 2 1 0
357 a 1 0 0
358 a^2 2 0 0
358 a 1 1 0
359 a^2 2 1 0
359 a 1 0 0
360 a^2 2 0 0
360 a 1 1 0
361 a^2 2 0 0
361 a 1 1 0
362 a^2 2 1 0
362 a 1 0 0
363 a^2 2 0 0
363 a 1 1 0
364 a^2 2 1 0
364 a 1 0 0
365 a^2 2 0 0
365 a 1 1 0
366 a^2 2 1 0
366 a 1 0 0
367 a^2 2 0 0
367 a 1 1 0
368 a^2 2 1 0
368 a 1 0 0
369 a^2 2 1 0
369 a 1 0 0
370 a^2 2 0 0
370 a 1 1 0
371 a^2 2 1 0
371 a 1 0 0
372 a^2 2 0 0
372 a 1 1 0
373 a^2 2 1 0
373 a 1 0 0
374 a^2 2 0 0
374 a 1 1 0
375 a^2 2 1 0
375 a 1 0 0
376 a^2 2 0 0
376 a 1 1 0
377 a^2 2 0 0
377 a 1 1 0
378 a^2 2 1 0
378 a 1 0 0
379 a^2 2 0 0
379 a 1 1 0
380 a^2 2 1 0
380 a 1 0 0
381 a^2 2 0 0
381 a 1 1 0
382 a^2 2 1 0
382 a 1 0 0
383 a^2 2 0 0
383 a 1 1 0
384 a^2 2 1 0
384 a 1 0 0
385 a+ 1 1 0
386 a+ 1 1 0
387 a+ 1 1 0
388 a+ 1 1 0
389 a+ 1 1 0
390 a+ 1 1 0
391 a+ 1 1 0
392 a+ 1 1 0
393 a+ 1 1 0
394 a+ 1 1 0
395 a+ 1 1 0
396 a+ 1 1 0
397 a+ 1 1 0
398 a+ 1 1 0
399 a+ 1 1 0
400 a+ 1 1 0
401 a+ 1 1 0
402 a+ 1 1 0
403 a+ 1 1 0
404 a+ 1 1 0
405 a+ 1 1 0
406 a+ 1 1 0
407 a+ 1 1 0
408 a+ 1 1 0
409 a+ 1 1 0
410 a+ 1 1 0
411 a+ 1 1 0
412 a+ 1 1 0
413 a+ 1 1 0
414 a+ 1 1 0
415 a+ 1 1 0
416 a+ 1 1 0
417 a^2 2 1 0
417 a 1 0 0
418 a^2 2 1 0
418 a 1 0 0
419 a^2 2 1 0
419 a 1 0 0
420 a^2 2 1 0
420 a 1 0 0
421 a^2 2 1 0
421 a 1 0 0
422 a^2 2 1 0
422 a 1 0 0
423 a^2 2 1 0
423 a 1 0 0
424 a^2 2 1 0
424 a 1 0 0
425 a^2 2 0 0
425 a 1 1 0
426 a^2 2 0 0
426 a 1 1 0
427 a^2 2 0 0
427 a 1 1 0
428 a^2 2 0 0
428 a 1 1 0
429 a^2 2 0 0
429 a 1 1 0
430 a^2 2 0 0
430 a 1 1 0
431 a^2 2 0 0
431 a 1 1 0
432 a^2 2 0 0
432 a 1 1 0
433 a^2 2 0 0
433 a 1 1 0
434 a^2 2 0 0
434 a 1 1 0
435 a^2 2 0 0
435 a 1 1 0
436 a^2 2 0 0
436 a 1 1 0
437 a^2 2 0 0
437 a 1 1 0
438 a^2 2 0 0
438 a 1 1 0
439 a^2 2 0 0
439 a 1 1 0
440 a^2 2 0 0
440 a 1 1 0
441 a^2 2 1 0
441 a 1 0 0
442 a^2 2 1 0
442 a 1 0 0
443 a^2 2 1 0
443 a 1 0 0
444 a^2 2 1 0
444 a 1 0 0
445 a^2 2 1 0
445 a 1 0 0
446 a^2 2 1 0
446 a 1 0 0
447 a^2 2 1 0
447 a 1 0 0
448 a^2 2 1 0
448 a 1 0 0
449 a+ 1 1 0
450 a+ 1 1 0
451 a+ 1 1 0
452 a+ 1 1 0
453 a+ 1 1 0
454 a+ 1 1 0
455 a+ 1 1 0
456 a+ 1 1 0
457 a+ 1 1 0
458 a+ 1 1 0
459 a+ 1 1 0
460 a+ 1 1 0
461 a+ 1 1 0
462 a+ 1 1 0
463 a+ 1 1 0
464 a+ 1 1 0
465 a+ 1 1 0
466 a+ 1 1 0
467 a+ 1 1 0
468 a+ 1 1 0
469 a+ 1 1 0
470 a+ 1 1 0
471 a+ 1 1 0
472 a+ 1 1 0
473 a+ 1 1 0
474 a+ 1 1 0
475 a+ 1 1 0
476 a+ 1 1 0
477 a+ 1 1 0
478 a+ 1 1 0
479 a+ 1 1 0
480 a+ 1 1 0
481 a^2 2 1 0
481 a 1 0 0
482 a^2 2 1 0
482 a 1 0 0
483 a^2 2 1 0
483 a 1 0 0
484 a^2 2 1 0
484 a 1 0 0
485 a^2 2 0 0
485 a 1 1 0
486 a^2 2 0 0
486 a 1 1 0
487 a^2 2 0 0
487 a 1 1 0
488 a^2 2 0 0
488 a 1 1 0
489 a^2 2 1 0
489 a 1 0 0
490 a^2 2 1 0
490 a 1 0 0
491 a^2 2 1 0
491 a 1 0 0
492 a^2 2 1 0
492 a 1 0 0
493 a^2 2 0 0
493 a 1 1 0
494 a^2 2 0 0
494 a 1 1 0
495 a^2 2 0 0
495 a 1 1 0
496 a^2 2 0 0
496 a 1 1 0
497 a^2 2 0 0
497 a 1 1 0
498 a^2 2 0 0
498 a 1 1 0
499 a^2 2 0 0
499 a 1 1 0
500 a^2 2 0 0
500 a 1 1 0
501 a^2 2 1 0
501 a 1 0 0
502 a^2 2 1 0
502 a 1 0 0
503 a^2 2 1 0
503 a 1 0 0
504 a^2 2 1 0
504 a 1 0 0
505 a^2 2 0 0
505 a 1 1 0
506 a^2 2 0 0
506 a 1 1 0
507 a^2 2 0 0
507 a 1 1 0
508 a^2 2 0 0
508 a 1 1 0
509 a^2 2 1 0
509 a 1 0 0
510 a^2 2 1 0
510 a 1 0 0
511 a^2 2 1 0
511 a 1 0 0
512 a^2 2 1 0
512 a 1 0 0
513 a+ 1 1 0
514 a+ 1 1 0
515 a+ 1 1 0
516 a+ 1 1 0
517 a+ 1 1 0
518 a+ 1 1 0
519 a+ 1 1 0
520 a+ 1 1 0
521 a+ 1 1 0
522 a+ 1 1 0
523 a+ 1 1 0
524 a+ 1 1 0
525 a+ 1 1 0
526 a+ 1 1 0
527 a+ 1 1 0
528 a+ 1 1 0
529 a+ 1 1 0
530 a+ 1 1 0
531 a+ 1 1 0
532 a+ 1 1 0
533 a+ 1 1 0
534 a+ 1 1 0
535 a+ 1 1 0
536 a+ 1 1 0
537 a+ 1 1 0
538 a+ 1 1 0
539 a+ 1 1 0
540 a+ 1 1 0
541 a+ 1 1 0
542 a+ 1 1 0
543 a+ 1 1 0
544 a+ 1 1 0
545 a^2 2 1 0
545 a 1 0 0
546 a^2 2 1 0
546 a 1 0 0
547 a^2 2 0 0
547 a 1 1 0
548 a^2 2 0 0
548 a 1 1 0
549 a^2 2 1 0
549 a 1 0 0
550 a^2 2 1 0
550 a 1 0 0
551 a^2 2 0 0
551 a 1 1 0
552 a^2 2 0 0
552 a 1 1 0
553 a^2 2 1 0
553 a 1 0 0
554 a^2 2 1 0
554 a 1 0 0
555 a^2 2 0 0
555 a 1 1 0
556 a^2 2 0 0
556 a 1 1 0
557 a^2 2 1 0
557 a 1 0 0
558 a^2 2 1 0
558 a 1 0 0
559 a^2 2 0 0
559 a 1 1 0
560 a^2 2 0 0
560 a 1 1 0
561 a^2 2 0 0
561 a 1 1 0
562 a^2 2 0 0
562 a 1 1 0
563 a^2 2 1 0
563 a 1 0 0
564 a^2 2 1 0
564 a 1 0 0
565 a^2 2 0 0
565 a 1 1 0
566 a^2 2 0 0
566 a 1 1 0
567 a^2 2 1 0
567 a 1 0 0
568 a^2 2 1 0
568 a 1 0 0
569 a^2 2 0 0
569 a 1 1 0
570 a^2 2 0 0
570 a 1 1 0
571 a^2 2 1 0
571 a 1 0 0
572 a^2 2 1 0
572 a 1 0 0
573 a^2 2 0 0
573 a 1 1 0
574 a^2 2 0 0
574 a 1 1 0
575 a^2 2 1 0
575 a 1 0 0
576 a^2 2 1 0
576 a 1 0 0
577 a+ 1 1 0
578 a+ 1 1 0
579 a+ 1 1 0
580 a+ 1 1 0
581 a+ 1 1 0
582 a+ 1 1 0
583 a+ 1 1 0
584 a+ 1 1 0
585 a+ 1 1 0
586 a+ 1 1 0
587 a+ 1 1 0
588 a+ 1 1 0
589 a+ 1 1 0
590 a+ 1 1 0
591 a+ 1 1 0
592 a+ 1 1 0
593 a+ 1 1 0
594 a+ 1 1 0
595 a+ 1 1 0
596 a+ 1 1 0
597 a+ 1 1 0
598 a+ 1 1 0
599 a+ 1 1 0
600 a+ 1 1 0
601 a+ 1 1 0
602 a+ 1 1 0
603 a+ 1 1 0
604 a+ 1 1 0
605 a+ 1 1 0
606 a+ 1 1 0
607 a+ 1 1 0
608 a+ 1 1 0
609 a^2 2 1 0
609 a 1 0 0
610 a^2 2 0 0
610 a 1 1 0
611 a^2 2 1 0
611 a 1 0 0
612 a^2 2 0 0
612 a 1 1 0
613 a^2 2 1 0
613 a 1 0 0
614 a^2 2 0 0
614 a 1 1 0
615 a^2 2 1 0
615 a 1 0 0
616 a^2 2 0 0
616 a 1 1 0
617 a^2 2 1 0
617 a 1 0 0
618 a^2 2 0 0
618 a 1 1 0
619 a^2 2 1 0
619 a 1 0 0
620 a^2 2 0 0
620 a 1 1 0
621 a^2 2 1 0
621 a 1 0 0
622 a^2 2 0 0
622 a 1 1 0
623 a^2 2 1 0
623 a 1 0 0
624 a^2 2 0 0
624 a 1 1 0
625 a^2 2 0 0
625 a 1 1 0
626 a^2 2 1 0
626 a 1 0 0
627 a^2 2 0 0
627 a 1 1 0
628 a^2 2 1 0
628 a 1 0 0
629 a^2 2 0 0
629 a 1 1 0
630 a^2 2 1 0
630 a 1 0 0
631 a^2 2 0 0
631 a 1 1 0
632 a^2 2 1 0
632 a 1 0 0
633 a^2 2 0 0
633 a 1 1 0
634 a^2 2 1 0
634 a 1 0 0
635 a^2 2 0 0
635 a 1 1 0
636 a^2 2 1 0
636 a 1 0 0
637 a^2 2 0 0
637 a 1 1 0
638 a^2 2 1 0
638 a 1 0 0
639 a^2 2 0 0
639 a 1 1 0
640 a^2 2 1 0
640 a 1 0 0
641 a+ 1 1 0
642 a+ 1 1 0
643 a+ 1 1 0
644 a+ 1 1 0
645 a+ 1 1 0
646 a+ 1 1 0
647 a+ 1 1 0
648 a+ 1 1 0
649 a+ 1 1 0
650 a+ 1 1 0
651 a+ 1 1 0
652 a+ 1 1 0
653 a+ 1 1 0
654 a+ 1 1 0
655 a+ 1 1 0
656 a+ 1 1 0
657 a+ 1 1 0
658 a+ 1 1 0
659 a+ 1 1 0
660 a+ 1 1 0
661 a+ 1 1 0
662 a+ 1 1 0
663 a+ 1 1 0
664 a+ 1 1 0
665 a+ 1 1 0
666 a+ 1 1 0
667 a+ 1 1 0
668 a+ 1 1 0
669 a+ 1 1 0
670 a+ 1 1 0
671 a+ 1 1 0
672 a+ 1 1 0
673 a^2 2 1 0
673 a 1 0 0
674 a^2 2 1 0
674 a 1 0 0
675 a^2 2 1 0
675 a 1 0 0
676 a^2 2 1 0
676 a 1 0 0
677 a^2 2 1 0
677 a 1 0 0
678 a^2 2 1 0
678 a 1 0 0
679 a^2 2 1 0
679 a 1 0 0
680 a^2 2 1 0
680 a 1 0 0
681 a^2 2 1 0
681 a 1 0 0
682 a^2 2 1 0
682 a 1 0 0
683 a^2 2 1 0
683 a 1 0 0
684 a^2 2 1 0
684 a 1 0 0
685 a^2 2 1 0
685 a 1 0 0
686 a^2 2 1 0
686 a 1 0 0
687 a^2 2 1 0
687 a 1 0 0
688 a^2 2 1 0
688 a 1 0 0
689 a^2 2 0 0
689 a 1 1 0
690 a^2 2 0 0
690 a 1 1 0
691 a^2 2 0 0
691 a 1 1 0
692 a^2 2 0 0
692 a 1 1 0
693 a^2 2 0 0
693 a 1 1 0
694 a^2 2 0 0
694 a 1 1 0
695 a^2 2 0 0
695 a 1 1 0
696 a^2 2 0 0
696 a 1 1 0
697 a^2 2 0 0
697 a 1 1 0
698 a^2 2 0 0
698 a 1 1 0
699 a^2 2 0 0
699 a 1 1 0
700 a^2 2 0 0
700 a 1 1 0
701 a^2 2 0 0
701 a 1 1 0
702 a^2 2 0 0
702 a 1 1 0
703 a^2 2 0 0
703 a 1 1 0
704 a^2 2 0 0
704 a 1 1 0
705 a+ 1 1 0
706 a+ 1 1 0
707 a+ 1 1 0
708 a+ 1 1 0
709 a+ 1 1 0
710 a+ 1 1 0
711 a+ 1 1 0
712 a+ 1 1 0
713 a+ 1 1 0
714 a+ 1 1 0
715 a+ 1 1 0
716 a+ 1 1 0
717 a+ 1 1 0
718 a+ 1 1 0
719 a+ 1 1 0
720 a+ 1 1 0
721 a+ 1 1 0
722 a+ 1 1 0
723 a+ 1 1 0
724 a+ 1 1 0
725 a+ 1 1 0
726 a+ 1 1 0
727 a+ 1 1 0
728 a+ 1 1 0
729 a+ 1 1 0
730 a+ 1 1 0
731 a+ 1 1 0
732 a+ 1 1 0
733 a+ 1 1 0
734 a+ 1 1 0
735 a+ 1 1 0
736 a+ 1 1 0
737 a^2 2 1 0
737 a 1 0 0
738 a^2 2 1 0
738 a 1 0 0
739 a^2 2 1 0
739 a 1 0 0
740 a^2 2 1 0
740 a 1 0 0
741 a^2 2 1 0
741 a 1 0 0
742 a^2 2 1 0
742 a 1 0 0
743 a^2 2 1 0
743 a 1 0 0
744 a^2 2 1 0
744 a 1 0 0
745 a^2 2 0 0
745 a 1 1 0
746 a^2 2 0 0
746 a 1 1 0
747 a^2 2 0 0
747 a 1 1 0
748 a^2 2 0 0
748 a 1 1 0
749 a^2 2 0 0
749 a 1 1 0
750 a^2 2 0 0
750 a 1 1 0
751 a^2 2 0 0
751 a 1 1 0
752 a^2 2 0 0
752 a 1 1 0
753 a^2 2 1 0
753 a 1 0 0
754 a^2 2 1 0
754 a 1 0 0
755 a^2 2 1 0
755 a 1 0 0
756 a^2 2 1 0
756 a 1 0 0
757 a^2 2 1 0
757 a 1 0 0
758 a^2 2 1 0
758 a 1 0 0
759 a^2 2 1 0
759 a 1 0 0
760 a^2 2 1 0
760 a 1 0 0
761 a^2 2 0 0
761 a 1 1 0
762 a^2 2 0 0
762 a 1 1 0
763 a^2 2 0 0
763 a 1 1 0
764 a^2 2 0 0
764 a 1 1 0
765 a^2 2 0 0
765 a 1 1 0
766 a^2 2 0 0
766 a 1 1 0
767 a^2 2 0 0
767 a 1 1 0
768 a^2 2 0 0
768 a 1 1 0
769 a+ 1 1 0
770 a+ 1 1 0
771 a+ 1 1 0
772 a+ 1 1 0
773 a+ 1 1 0
774 a+ 1 1 0
775 a+ 1 1 0
776 a+ 1 1 0
777 a+ 1 1 0
778 a+ 1 1 0
779 a+ 1 1 0
780 a+ 1 1 0
781 a+ 1 1 0
782 a+ 1 1 0
783 a+ 1 1 0
784 a+ 1 1 0
785 a+ 1 1 0
786 a+ 1 1 0
787 a+ 1 1 0
788 a+ 1 1 0
789 a+ 1 1 0
790 a+ 1 1 0
791 a+ 1 1 0
792 a+ 1 1 0
793 a+ 1 1 0
794 a+ 1 1 0
795 a+ 1 1 0
796 a+ 1 1 0
797 a+ 1 1 0
798 a+ 1 1 0
799 a+ 1 1 0
800 a+ 1 1 0
801 a^2 2 1 0
801 a 1 0 0
802 a^2 2 1 0
802 a 1 0 0
803 a^2 2 1 0
803 a 1 0 0
804 a^2 2 1 0
804 a 1 0 0
805 a^2 2 0 0
805 a 1 1 0
806 a^2 2 0 0
806 a 1 1 0
807 a^2 2 0 0
807 a 1 1 0
808 a^2 2 0 0
808 a 1 1 0
809 a^2 2 1 0
809 a 1 0 0
810 a^2 2 1 0
810 a 1 0 0
811 a^2 2 1 0
811 a 1 0 0
812 a^2 2 1 0
812 a 1 0 0
813 a^2 2 0 0
813 a 1 1 0
814 a^2 2 0 0
814 a 1 1 0
815 a^2 2 0 0
815 a 1 1 0
816 a^2 2 0 0
816 a 1 1 0
817 a^2 2 1 0
817 a 1 0 0
818 a^2 2 1 0
818 a 1 0 0
819 a^2 2 1 0
819 a 1 0 0
820 a^2 2 1 0
820 a 1 0 0
821 a^2 2 0 0
821 a 1 1 0
822 a^2 2 0 0
822 a 1 1 0
823 a^2 2 0 0
823 a 1 1 0
824 a^2 2 0 0
824 a 1 1 0
825 a^2 2 1 0
825 a 1 0 0
826 a^2 2 1 0
826 a 1 0 0
827 a^2 2 1 0
827 a 1 0 0
828 a^2 2 1 0
828 a 1 0 0
829 a^2 2 0 0
829 a 1 1 0
830 a^2 2 0 0
830 a 1 1 0
831 a^2 2 0 0
831 a 1 1 0
832 a^2 2 0 0
832 a 1 1 0
833 a+ 1 1 0
834 a+ 1 1 0
835 a+ 1 1 0
836 a+ 1 1 0
837 a+ 1 1 0
838 a+ 1 1 0
839 a+ 1 1 0
840 a+ 1 1 0
841 a+ 1 1 0
842 a+ 1 1 0
843 a+ 1 1 0
844 a+ 1 1 0
845 a+ 1 1 0
846 a+ 1 1 0
847 a+ 1 1 0
848 a+ 1 1 0
849 a+ 1 1 0
850 a+ 1 1 0
851 a+ 1 1 0
852 a+ 1 1 0
853 a+ 1 1 0
854 a+ 1 1 0
855 a+ 1 1 0
856 a+ 1 1 0
857 a+ 1 1 0
858 a+ 1 1 0
859 a+ 1 1 0
860 a+ 1 1 0
861 a+ 1 1 0
862 a+ 1 1 0
863 a+ 1 1 0
864 a+ 1 1 0
865 a^2 2 1 0
865 a 1 0 0
866 a^2 2 1 0
866 a 1 0 0
867 a^2 2 0 0
867 a 1 1 0
868 a^2 2 0 0
868 a 1 1 0
869 a^2 2 1 0
869 a 1 0 0
870 a^2 2 1 0
870 a 1 0 0
871 a^2 2 0 0
871 a 1 1 0
872 a^2 2 0 0
872 a 1 1 0
873 a^2 2 1 0
873 a 1 0 0
874 a^2 2 1 0
874 a 1 0 0
875 a^2 2 0 0
875 a 1 1 0
876 a^2 2 0 0
876 a 1 1 0
877 a^2 2 1 0
877 a 1 0 0
878 a^2 2 1 0
878 a 1 0 0
879 a^2 2 0 0
879 a 1 1 0
880 a^2 2 0 0
880 a 1 1 0
881 a^2 2 1 0
881 a 1 0 0
882 a^2 2 1 0
882 a 1 0 0
883 a^2 2 0 0
883 a 1 1 0
884 a^2 2 0 0
884 a 1 1 0
885 a^2 2 1 0
885 a 1 0 0
886 a^2 2 1 0
886 a 1 0 0
887 a^2 2 0 0
887 a 1 1 0
888 a^2 2 0 0
888 a 1 1 0
889 a^2 2 1 0
889 a 1 0 0
890 a^2 2 1 0
890 a 1 0 0
891 a^2 2 0 0
891 a 1 1 0
892 a^2 2 0 0
892 a 1 1 0
893 a^2 2 1 0
893 a 1 0 0
894 a^2 2 1 0
894 a 1 0 0
895 a^2 2 0 0
895 a 1 1 0
896 a^2 2 0 0
896 a 1 1 0
897 a+ 1 1 0
898 a+ 1 1 0
899 a+ 1 1 0
900 a+ 1 1 0
901 a+ 1 1 0
902 a+ 1 1 0
903 a+ 1 1 0
904 a+ 1 1 0
905 a+ 1 1 0
906 a+ 1 1 0
907 a+ 1 1 0
908 a+ 1 1 0
909 a+ 1 1 0
910 a+ 1 1 0
911 a+ 1 1 0
912 a+ 1 1 0
913 a+ 1 1 0
914 a+ 1 1 0
915 a+ 1 1 0
916 a+ 1 1 0
917 a+ 1 1 0
918 a+ 1 1 0
919 a+ 1 1 0
920 a+ 1 1 0
921 a+ 1 1 0
922 a+ 1 1 0
923 a+ 1 1 0
924 a+ 1 1 0
925 a+ 1 1 0
926 a+ 1 1 0
927 a+ 1 1 0
928 a+ 1 1 0
929 a^2 2 1 0
929 a 1 0 0
930 a^2 2 0 0
930 a 1 1 0
931 a^2 2 1 0
931 a 1 0 0
932 a^2 2 0 0
932 a 1 1 0
933 a^2 2 1 0
933 a 1 0 0
934 a^2 2 0 0
934 a 1 1 0
935 a^2 2 1 0
935 a 1 0 0
936 a^2 2 0 0
936 a 1 1 0
937 a^2 2 1 0
937 a 1 0 0
938 a^2 2 0 0
938 a 1 1 0
939 a^2 2 1 0
939 a 1 0 0
940 a^2 2 0 0
940 a 1 1 0
941 a^2 2 1 0
941 a 1 0 0
942 a^2 2 0 0
942 a 1 1 0
943 a^2 2 1 0
943 a 1 0 0
944 a^2 2 0 0
944 a 1 1 0
945 a^2 2 1 0
945 a 1 0 0
946 a^2 2 0 0
946 a 1 1 0
947 a^2 2 1 0
947 a 1 0 0
948 a^2 2 0 0
948 a 1 1 0
949 a^2 2 1 0
949 a 1 0 0
950 a^2 2 0 0
950 a 1 1 0
951 a^2 2 1 0
951 a 1 0 0
952 a^2 2 0 0
952 a 1 1 0
953 a^2 2 1 0
953 a 1 0 0
954 a^2 2 0 0
954 a 1 1 0
955 a^2 2 1 0
955 a 1 0 0
956 a^2 2 0 0
956 a 1 1 0
957 a^2 2 1 0
957 a 1 0 0
958 a^2 2 0 0
958 a 1 1 0
959 a^2 2 1 0
959 a 1 0 0
960 a^2 2 0 0
960 a 1 1 0
in{0}
in{1}
in{2}
in{3}
in{4}
in{5}
in{6}
in{7}
in{8}
in{9}
in{10}
in{11}
in{12}
in{13}
in{14}
in{15}
in{16}
in{17}
in{18}
in{19}
in{20}
in{21}
in{22}
in{23}
in{24}
in{25}
in{26}
in{27}
in{28}
in{29}
in{30}
in{31}
mid1{0}
mid1{1}
mid1{2}
mid1{3}
mid1{4}
mid1{5}
mid1{6}
mid1{7}
mid1{8}
mid1{9}
mid1{10}
mid1{11}
mid1{12}
mid1{13}
mid1{14}
mid1{15}
mid1{16}
mid1{17}
mid1{18}
mid1{19}
mid1{20}
mid1{21}
mid1{22}
mid1{23}
mid1{24}
mid1{25}
mid1{26}
mid1{27}
mid1{28}
mid1{29}
mid1{30}
mid1{31}
mid2{0}
mid2{1}
mid2{2}
mid2{3}
mid2{4}
mid2{5}
mid2{6}
mid2{7}
mid2{8}
mid2{9}
mid2{10}
mid2{11}
mid2{12}
mid2{13}
mid2{14}
mid2{15}
mid2{16}
mid2{17}
mid2{18}
mid2{19}
mid2{20}
mid2{21}
mid2{22}
mid2{23}
mid2{24}
mid2{25}
mid2{26}
mid2{27}
mid2{28}
mid2{29}
mid2{30}
mid2{31}
mid3{0}
mid3{1}
mid3{2}
mid3{3}
mid3{4}
mid3{5}
mid3{6}
mid3{7}
mid3{8}
mid3{9}
mid3{10}
mid3{11}
mid3{12}
mid3{13}
mid3{14}
mid3{15}
mid3{16}
mid3{17}
mid3{18}
mid3{19}
mid3{20}
mid3{21}
mid3{22}
mid3{23}
mid3{24}
mid3{25}
mid3{26}
mid3{27}
mid3{28}
mid3{29}
mid3{30}
mid3{31}
mid4{0}
mid4{1}
mid4{2}
mid4{3}
mid4{4}
mid4{5}
mid4{6}
mid4{7}
mid4{8}
mid4{9}
mid4{10}
mid4{11}
mid4{12}
mid4{13}
mid4{14}
mid4{15}
mid4{16}
mid4{17}
mid4{18}
mid4{19}
mid4{20}
mid4{21}
mid4{22}
mid4{23}
mid4{24}
mid4{25}
mid4{26}
mid4{27}
mid4{28}
mid4{29}
mid4{30}
mid4{31}
mid5{0}
mid5{1}
mid5{2}
mid5{3}
mid5{4}
mid5{5}
mid5{6}
mid5{7}
mid5{8}
mid5{9}
mid5{10}
mid5{11}
mid5{12}
mid5{13}
mid5{14}
mid5{15}
mid5{16}
mid5{17}
mid5{18}
mid5{19}
mid5{20}
mid5{21}
mid5{22}
mid5{23}
mid5{24}
mid5{25}
mid5{26}
mid5{27}
mid5{28}
mid5{29}
mid5{30}
mid5{31}
mid6{0}
mid6{1}
mid6{2}
mid6{3}
mid6{4}
mid6{5}
mid6{6}
mid6{7}
mid6{8}
mid6{9}
mid6{10}
mid6{11}
mid6{12}
mid6{13}
mid6{14}
mid6{15}
mid6{16}
mid6{17}
mid6{18}
mid6{19}
mid6{20}
mid6{21}
mid6{22}
mid6{23}
mid6{24}
mid6{25}
mid6{26}
mid6{27}
mid6{28}
mid6{29}
mid6{30}
mid6{31}
mid7{0}
mid7{1}
mid7{2}
mid7{3}
mid7{4}
mid7{5}
mid7{6}
mid7{7}
mid7{8}
mid7{9}
mid7{10}
mid7{11}
mid7{12}
mid7{13}
mid7{14}
mid7{15}
mid7{16}
mid7{17}
mid7{18}
mid7{19}
mid7{20}
mid7{21}
mid7{22}
mid7{23}
mid7{24}
mid7{25}
mid7{26}
mid7{27}
mid7{28}
mid7{29}
mid7{30}
mid7{31}
mid8{0}
mid8{1}
mid8{2}
mid8{3}
mid8{4}
mid8{5}
mid8{6}
mid8{7}
mid8{8}
mid8{9}
mid8{10}
mid8{11}
mid8{12}
mid8{13}
mid8{14}
mid8{15}
mid8{16}
mid8{17}
mid8{18}
mid8{19}
mid8{20}
mid8{21}
mid8{22}
mid8{23}
mid8{24}
mid8{25}
mid8{26}
mid8{27}
mid8{28}
mid8{29}
mid8{30}
mid8{31}
mid9{0}
mid9{1}
mid9{2}
mid9{3}
mid9{4}
mid9{5}
mid9{6}
mid9{7}
mid9{8}
mid9{9}
mid9{10}
mid9{11}
mid9{12}
mid9{13}
mid9{14}
mid9{15}
mid9{16}
mid9{17}
mid9{18}
mid9{19}
mid9{20}
mid9{21}
mid9{22}
mid9{23}
mid9{24}
mid9{25}
mid9{26}
mid9{27}
mid9{28}
mid9{29}
mid9{30}
mid9{31}
mid10{0}
mid10{1}
mid10{2}
mid10{3}
mid10{4}
mid10{5}
mid10{6}
mid10{7}
mid10{8}
mid10{9}
mid10{10}
mid10{11}
mid10{12}
mid10{13}
mid10{14}
mid10{15}
mid10{16}
mid10{17}
mid10{18}
mid10{19}
mid10{20}
mid10{21}
mid10{22}
mid10{23}
mid10{24}
mid10{25}
mid10{26}
mid10{27}
mid10{28}
mid10{29}
mid10{30}
mid10{31}
mid11{0}
mid11{1}
mid11{2}
mid11{3}
mid11{4}
mid11{5}
mid11{6}
mid11{7}
mid11{8}
mid11{9}
mid11{10}
mid11{11}
mid11{12}
mid11{13}
mid11{14}
mid11{15}
mid11{16}
mid11{17}
mid11{18}
mid11{19}
mid11{20}
mid11{21}
mid11{22}
mid11{23}
mid11{24}
mid11{25}
mid11{26}
mid11{27}
mid11{28}
mid11{29}
mid11{30}
mid11{31}
mid12{0}
mid12{1}
mid12{2}
mid12{3}
mid12{4}
mid12{5}
mid12{6}
mid12{7}
mid12{8}
mid12{9}
mid12{10}
mid12{11}
mid12{12}
mid12{13}
mid12{14}
mid12{15}
mid12{16}
mid12{17}
mid12{18}
mid12{19}
mid12{20}
mid12{21}
mid12{22}
mid12{23}
mid12{24}
mid12{25}
mid12{26}
mid12{27}
mid12{28}
mid12{29}
mid12{30}
mid12{31}
mid13{0}
mid13{1}
mid13{2}
mid13{3}
mid13{4}
mid13{5}
mid13{6}
mid13{7}
mid13{8}
mid13{9}
mid13{10}
mid13{11}
mid13{12}
mid13{13}
mid13{14}
mid13{15}
mid13{16}
mid13{17}
mid13{18}
mid13{19}
mid13{20}
mid13{21}
mid13{22}
mid13{23}
mid13{24}
mid13{25}
mid13{26}
mid13{27}
mid13{28}
mid13{29}
mid13{30}
mid13{31}
mid14{0}
mid14{1}
mid14{2}
mid14{3}
mid14{4}
mid14{5}
mid14{6}
mid14{7}
mid14{8}
mid14{9}
mid14{10}
mid14{11}
mid14{12}
mid14{13}
mid14{14}
mid14{15}
mid14{16}
mid14{17}
mid14{18}
mid14{19}
mid14{20}
mid14{21}
mid14{22}
mid14{23}
mid14{24}
mid14{25}
mid14{26}
mid14{27}
mid14{28}
mid14{29}
mid14{30}
mid14{31}
mid15{0}
mid15{1}
mid15{2}
mid15{3}
mid15{4}
mid15{5}
mid15{6}
mid15{7}
mid15{8}
mid15{9}
mid15{10}
mid15{11}
mid15{12}
mid15{13}
mid15{14}
mid15{15}
mid15{16}
mid15{17}
mid15{18}
mid15{19}
mid15{20}
mid15{21}
mid15{22}
mid15{23}
mid15{24}
mid15{25}
mid15{26}
mid15{27}
mid15{28}
mid15{29}
mid15{30}
mid15{31}
mid16{0}
mid16{1}
mid16{2}
mid16{3}
mid16{4}
mid16{5}
mid16{6}
mid16{7}
mid16{8}
mid16{9}
mid16{10}
mid16{11}
mid16{12}
mid16{13}
mid16{14}
mid16{15}
mid16{16}
mid16{17}
mid16{18}
mid16{19}
mid16{20}
mid16{21}
mid16{22}
mid16{23}
mid16{24}
mid16{25}
mid16{26}
mid16{27}
mid16{28}
mid16{29}
mid16{30}
mid16{31}
mid17{0}
mid17{1}
mid17{2}
mid17{3}
mid17{4}
mid17{5}
mid17{6}
mid17{7}
mid17{8}
mid17{9}
mid17{10}
mid17{11}
mid17{12}
mid17{13}
mid17{14}
mid17{15}
mid17{16}
mid17{17}
mid17{18}
mid17{19}
mid17{20}
mid17{21}
mid17{22}
mid17{23}
mid17{24}
mid17{25}
mid17{26}
mid17{27}
mid17{28}
mid17{29}
mid17{30}
mid17{31}
mid18{0}
mid18{1}
mid18{2}
mid18{3}
mid18{4}
mid18{5}
mid18{6}
mid18{7}
mid18{8}
mid18{9}
mid18{10}
mid18{11}
mid18{12}
mid18{13}
mid18{14}
mid18{15}
mid18{16}
mid18{17}
mid18{18}
mid18{19}
mid18{20}
mid18{21}
mid18{22}
mid18{23}
mid18{24}
mid18{25}
mid18{26}
mid18{27}
mid18{28}
mid18{29}
mid18{30}
mid18{31}
mid19{0}
mid19{1}
mid19{2}
mid19{3}
mid19{4}
mid19{5}
mid19{6}
mid19{7}
mid19{8}
mid19{9}
mid19{10}
mid19{11}
mid19{12}
mid19{13}
mid19{14}
mid19{15}
mid19{16}
mid19{17}
mid19{18}
mid19{19}
mid19{20}
mid19{21}
mid19{22}
mid19{23}
mid19{24}
mid19{25}
mid19{26}
mid19{27}
mid19{28}
mid19{29}
mid19{30}
mid19{31}
mid20{0}
mid20{1}
mid20{2}
mid20{3}
mid20{4}
mid20{5}
mid20{6}
mid20{7}
mid20{8}
mid20{9}
mid20{10}
mid20{11}
mid20{12}
mid20{13}
mid20{14}
mid20{15}
mid20{16}
mid20{17}
mid20{18}
mid20{19}
mid20{20}
mid20{21}
mid20{22}
mid20{23}
mid20{24}
mid20{25}
mid20{26}
mid20{27}
mid20{28}
mid20{29}
mid20{30}
mid20{31}
mid21{0}
mid21{1}
mid21{2}
mid21{3}
mid21{4}
mid21{5}
mid21{6}
mid21{7}
mid21{8}
mid21{9}
mid21{10}
mid21{11}
mid21{12}
mid21{13}
mid21{14}
mid21{15}
mid21{16}
mid21{17}
mid21{18}
mid21{19}
mid21{20}
mid21{21}
mid21{22}
mid21{23}
mid21{24}
mid21{25}
mid21{26}
mid21{27}
mid21{28}
mid21{29}
mid21{30}
mid21{31}
mid22{0}
mid22{1}
mid22{2}
mid22{3}
mid22{4}
mid22{5}
mid22{6}
mid22{7}
mid22{8}
mid22{9}
mid22{10}
mid22{11}
mid22{12}
mid22{13}
mid22{14}
mid22{15}
mid22{16}
mid22{17}
mid22{18}
mid22{19}
mid22{20}
mid22{21}
mid22{22}
mid22{23}
mid22{24}
mid22{25}
mid22{26}
mid22{27}
mid22{28}
mid22{29}
mid22{30}
mid22{31}
mid23{0}
mid23{1}
mid23{2}
mid23{3}
mid23{4}
mid23{5}
mid23{6}
mid23{7}
mid23{8}
mid23{9}
mid23{10}
mid23{11}
mid23{12}
mid23{13}
mid23{14}
mid23{15}
mid23{16}
mid23{17}
mid23{18}
mid23{19}
mid23{20}
mid23{21}
mid23{22}
mid23{23}
mid23{24}
mid23{25}
mid23{26}
mid23{27}
mid23{28}
mid23{29}
mid23{30}
mid23{31}
mid24{0}
mid24{1}
mid24{2}
mid24{3}
mid24{4}
mid24{5}
mid24{6}
mid24{7}
mid24{8}
mid24{9}
mid24{10}
mid24{11}
mid24{12}
mid24{13}
mid24{14}
mid24{15}
mid24{16}
mid24{17}
mid24{18}
mid24{19}
mid24{20}
mid24{21}
mid24{22}
mid24{23}
mid24{24}
mid24{25}
mid24{26}
mid24{27}
mid24{28}
mid24{29}
mid24{30}
mid24{31}
mid25{0}
mid25{1}
mid25{2}
mid25{3}
mid25{4}
mid25{5}
mid25{6}
mid25{7}
mid25{8}
mid25{9}
mid25{10}
mid25{11}
mid25{12}
mid25{13}
mid25{14}
mid25{15}
mid25{16}
mid25{17}
mid25{18}
mid25{19}
mid25{20}
mid25{21}
mid25{22}
mid25{23}
mid25{24}
mid25{25}
mid25{26}
mid25{27}
mid25{28}
mid25{29}
mid25{30}
mid25{31}
mid26{0}
mid26{1}
mid26{2}
mid26{3}
mid26{4}
mid26{5}
mid26{6}
mid26{7}
mid26{8}
mid26{9}
mid26{10}
mid26{11}
mid26{12}
mid26{13}
mid26{14}
mid26{15}
mid26{16}
mid26{17}
mid26{18}
mid26{19}
mid26{20}
mid26{21}
mid26{22}
mid26{23}
mid26{24}
mid26{25}
mid26{26}
mid26{27}
mid26{28}
mid26{29}
mid26{30}
mid26{31}
mid27{0}
mid27{1}
mid27{2}
mid27{3}
mid27{4}
mid27{5}
mid27{6}
mid27{7}
mid27{8}
mid27{9}
mid27{10}
mid27{11}
mid27{12}
mid27{13}
mid27{14}
mid27{15}
mid27{16}
mid27{17}
mid27{18}
mid27{19}
mid27{20}
mid27{21}
mid27{22}
mid27{23}
mid27{24}
mid27{25}
mid27{26}
mid27{27}
mid27{28}
mid27{29}
mid27{30}
mid27{31}
mid28{0}
mid28{1}
mid28{2}
mid28{3}
mid28{4}
mid28{5}
mid28{6}
mid28{7}
mid28{8}
mid28{9}
mid28{10}
mid28{11}
mid28{12}
mid28{13}
mid28{14}
mid28{15}
mid28{16}
mid28{17}
mid28{18}
mid28{19}
mid28{20}
mid28{21}
mid28{22}
mid28{23}
mid28{24}
mid28{25}
mid28{26}
mid28{27}
mid28{28}
mid28{29}
mid28{30}
mid28{31}
mid29{0}
mid29{1}
mid29{2}
mid29{3}
mid29{4}
mid29{5}
mid29{6}
mid29{7}
mid29{8}
mid29{9}
mid29{10}
mid29{11}
mid29{12}
mid29{13}
mid29{14}
mid29{15}
mid29{16}
mid29{17}
mid29{18}
mid29{19}
mid29{20}
mid29{21}
mid29{22}
mid29{23}
mid29{24}
mid29{25}
mid29{26}
mid29{27}
mid29{28}
mid29{29}
mid29{30}
mid29{31}
out{0}
out{1}
out{2}
out{3}
out{4}
out{5}
out{6}
out{7}
out{8}
out{9}
out{10}
out{11}
out{12}
out{13}
out{14}
out{15}
out{16}
out{17}
out{18}
out{19}
out{20}
out{21}
out{22}
out{23}
out{24}
out{25}
out{26}
out{27}
out{28}
out{29}
out{30}
out{31}
-1
33 34 
33 34 
35 36 
35 36 
37 38 
37 38 
39 40 
39 40 
41 42 
41 42 
43 44 
43 44 
45 46 
45 46 
47 48 
47 48 
49 50 
49 50 
51 52 
51 52 
53 54 
53 54 
55 56 
55 56 
57 58 
57 58 
59 60 
59 60 
61 62 
61 62 
63 64 
63 64 
65 66 
66 
67 
67 68 
69 70 
70 
71 
71 72 
73 74 
74 
75 
75 76 
77 78 
78 
79 
79 80 
81 82 
82 
83 
83 84 
85 86 
86 
87 
87 88 
89 90 
90 
91 
91 92 
93 94 
94 
95 
95 96 
97 99 
98 100 
97 99 
98 100 
101 103 
102 104 
101 103 
102 104 
105 107 
106 108 
105 107 
106 108 
109 111 
110 112 
109 111 
110 112 
113 115 
114 116 
113 115 
114 116 
117 119 
118 120 
117 119 
118 120 
121 123 
122 124 
121 123 
122 124 
125 127 
126 128 
125 127 
126 128 
129 131 
130 132 
131 
132 
133 
134 
133 135 
134 136 
137 139 
138 140 
139 
140 
141 
142 
141 143 
142 144 
145 147 
146 148 
147 
148 
149 
150 
149 151 
150 152 
153 155 
154 156 
155 
156 
157 
158 
157 159 
158 160 
161 162 
161 162 
163 164 
163 164 
165 166 
165 166 
167 168 
167 168 
169 170 
169 170 
171 172 
171 172 
173 174 
173 174 
175 176 
175 176 
177 178 
177 178 
179 180 
179 180 
181 182 
181 182 
183 184 
183 184 
185 186 
185 186 
187 188 
187 188 
189 190 
189 190 
191 192 
191 192 
193 194 
194 
195 196 
196 
197 
197 198 
199 
199 200 
201 202 
202 
203 204 
204 
205 
205 206 
207 
207 208 
209 210 
210 
211 212 
212 
213 
213 214 
215 
215 216 
217 218 
218 
219 220 
220 
221 
221 222 
223 
223 224 
225 229 
226 230 
227 231 
228 232 
225 229 
226 230 
227 231 
228 232 
233 237 
234 238 
235 239 
236 240 
233 237 
234 238 
235 239 
236 240 
241 245 
242 246 
243 247 
244 248 
241 245 
242 246 
243 247 
244 248 
249 253 
250 254 
251 255 
252 256 
249 253 
250 254 
251 255 
252 256 
257 261 
258 262 
259 263 
260 264 
261 
262 
263 
264 
265 
266 
267 
268 
265 269 
266 270 
267 271 
268 272 
273 277 
274 278 
275 279 
276 280 
277 
278 
279 
280 
281 
282 
283 
284 
281 285 
282 286 
283 287 
284 288 
289 291 
290 292 
289 291 
290 292 
293 295 
294 296 
293 295 
294 296 
297 299 
298 300 
297 299 
298 300 
301 303 
302 304 
301 303 
302 304 
305 307 
306 308 
305 307 
306 308 
309 311 
310 312 
309 311 
310 312 
313 315 
314 316 
313 315 
314 316 
317 319 
318 320 
317 319 
318 320 
321 323 
322 324 
323 
324 
325 327 
326 328 
327 
328 
329 
330 
329 331 
330 332 
333 
334 
333 335 
334 336 
337 339 
338 340 
339 
340 
341 343 
342 344 
343 
344 
345 
346 
345 347 
346 348 
349 
350 
349 351 
350 352 
353 354 
353 354 
355 356 
355 356 
357 358 
357 358 
359 360 
359 360 
361 362 
361 362 
363 364 
363 364 
365 366 
365 366 
367 368 
367 368 
369 370 
369 370 
371 372 
371 372 
373 374 
373 374 
375 376 
375 376 
377 378 
377 378 
379 380 
379 380 
381 382 
381 382 
383 384 
383 384 
385 386 
386 
387 388 
388 
389 390 
390 
391 392 
392 
393 
393 394 
395 
395 396 
397 
397 398 
399 
399 400 
401 402 
402 
403 404 
404 
405 406 
406 
407 408 
408 
409 
409 410 
411 
411 412 
413 
413 414 
415 
415 416 
417 425 
418 426 
419 427 
420 428 
421 429 
422 430 
423 431 
424 432 
417 425 
418 426 
419 427 
420 428 
421 429 
422 430 
423 431 
424 432 
433 441 
434 442 
435 443 
436 444 
437 445 
438 446 
439 447 
440 448 
433 441 
434 442 
435 443 
436 444 
437 445 
438 446 
439 447 
440 448 
449 457 
450 458 
451 459 
452 460 
453 461 
454 462 
455 463 
456 464 
457 
458 
459 
460 
461 
462 
463 
464 
465 
466 
467 
468 
469 
470 
471 
472 
465 473 
466 474 
467 475 
468 476 
469 477 
470 478 
471 479 
472 480 
481 485 
482 486 
483 487 
484 488 
481 485 
482 486 
483 487 
484 488 
489 493 
490 494 
491 495 
492 496 
489 493 
490 494 
491 495 
492 496 
497 501 
498 502 
499 503 
500 504 
497 501 
498 502 
499 503 
500 504 
505 509 
506 510 
507 511 
508 512 
505 509 
506 510 
507 511 
508 512 
513 517 
514 518 
515 519 
516 520 
517 
518 
519 
520 
521 525 
522 526 
523 527 
524 528 
525 
526 
527 
528 
529 
530 
531 
532 
529 533 
530 534 
531 535 
532 536 
537 
538 
539 
540 
537 541 
538 542 
539 543 
540 544 
545 547 
546 548 
545 547 
546 548 
549 551 
550 552 
549 551 
550 552 
553 555 
554 556 
553 555 
554 556 
557 559 
558 560 
557 559 
558 560 
561 563 
562 564 
561 563 
562 564 
565 567 
566 568 
565 567 
566 568 
569 571 
570 572 
569 571 
570 572 
573 575 
574 576 
573 575 
574 576 
577 579 
578 580 
579 
580 
581 583 
582 584 
583 
584 
585 587 
586 588 
587 
588 
589 591 
590 592 
591 
592 
593 
594 
593 595 
594 596 
597 
598 
597 599 
598 600 
601 
602 
601 603 
602 604 
605 
606 
605 607 
606 608 
609 610 
609 610 
611 612 
611 612 
613 614 
613 614 
615 616 
615 616 
617 618 
617 618 
619 620 
619 620 
621 622 
621 622 
623 624 
623 624 
625 626 
625 626 
627 628 
627 628 
629 630 
629 630 
631 632 
631 632 
633 634 
633 634 
635 636 
635 636 
637 638 
637 638 
639 640 
639 640 
641 642 
642 
643 644 
644 
645 646 
646 
647 648 
648 
649 650 
650 
651 652 
652 
653 654 
654 
655 656 
656 
657 
657 658 
659 
659 660 
661 
661 662 
663 
663 664 
665 
665 666 
667 
667 668 
669 
669 670 
671 
671 672 
673 689 
674 690 
675 691 
676 692 
677 693 
678 694 
679 695 
680 696 
681 697 
682 698 
683 699 
684 700 
685 701 
686 702 
687 703 
688 704 
673 689 
674 690 
675 691 
676 692 
677 693 
678 694 
679 695 
680 696 
681 697 
682 698 
683 699 
684 700 
685 701 
686 702 
687 703 
688 704 
705 721 
706 722 
707 723 
708 724 
709 725 
710 726 
711 727 
712 728 
713 729 
714 730 
715 731 
716 732 
717 733 
718 734 
719 735 
720 736 
721 
722 
723 
724 
725 
726 
727 
728 
729 
730 
731 
732 
733 
734 
735 
736 
737 745 
738 746 
739 747 
740 748 
741 749 
742 750 
743 751 
744 752 
737 745 
738 746 
739 747 
740 748 
741 749 
742 750 
743 751 
744 752 
753 761 
754 762 
755 763 
756 764 
757 765 
758 766 
759 767 
760 768 
753 761 
754 762 
755 763 
756 764 
757 765 
758 766 
759 767 
760 768 
769 777 
770 778 
771 779 
772 780 
773 781 
774 782 
775 783 
776 784 
777 
778 
779 
780 
781 
782 
783 
784 
785 793 
786 794 
787 795 
788 796 
789 797 
790 798 
791 799 
792 800 
793 
794 
795 
796 
797 
798 
799 
800 
801 805 
802 806 
803 807 
804 808 
801 805 
802 806 
803 807 
804 808 
809 813 
810 814 
811 815 
812 816 
809 813 
810 814 
811 815 
812 816 
817 821 
818 822 
819 823 
820 824 
817 821 
818 822 
819 823 
820 824 
825 829 
826 830 
827 831 
828 832 
825 829 
826 830 
827 831 
828 832 
833 837 
834 838 
835 839 
836 840 
837 
838 
839 
840 
841 845 
842 846 
843 847 
844 848 
845 
846 
847 
848 
849 853 
850 854 
851 855 
852 856 
853 
854 
855 
856 
857 861 
858 862 
859 863 
860 864 
861 
862 
863 
864 
865 867 
866 868 
865 867 
866 868 
869 871 
870 872 
869 871 
870 872 
873 875 
874 876 
873 875 
874 876 
877 879 
878 880 
877 879 
878 880 
881 883 
882 884 
881 883 
882 884 
885 887 
886 888 
885 887 
886 888 
889 891 
890 892 
889 891 
890 892 
893 895 
894 896 
893 895 
894 896 
897 899 
898 900 
899 
900 
901 903 
902 904 
903 
904 
905 907 
906 908 
907 
908 
909 911 
910 912 
911 
912 
913 915 
914 916 
915 
916 
917 919 
918 920 
919 
920 
921 923 
922 924 
923 
924 
925 927 
926 928 
927 
928 
929 930 
929 930 
931 932 
931 932 
933 934 
933 934 
935 936 
935 936 
937 938 
937 938 
939 940 
939 940 
941 942 
941 942 
943 944 
943 944 
945 946 
945 946 
947 948 
947 948 
949 950 
949 950 
951 952 
951 952 
953 954 
953 954 
955 956 
955 956 
957 958 
957 958 
959 960 
959 960 
961 962 
962 
963 964 
964 
965 966 
966 
967 968 
968 
969 970 
970 
971 972 
972 
973 974 
974 
975 976 
976 
977 978 
978 
979 980 
980 
981 982 
982 
983 984 
984 
985 986 
986 
987 988 
988 
989 990 
990 
991 992 
992 
-1 
-1 
-1 
-1 
-1 
-1 
-1 
-1 
-1 
-1 
-1 
-1 
-1 
-1 
-1 
-1 
-1 
-1 
-1 
-1 
-1 
-1 
-1 
-1 
-1 
-1 
-1 
-1 
-1 
-1 
-1 
-1 
