1056
96
50 18 84 41 92 80 23 77 96 96 88 99 84 65 28 52 62 15 44 61 97 67 76 74 40 12 68 100 83 85 45 84 0 0 0 0 0 0 0 0 0 0 0 0 0 0 0 0 0 0 0 0 0 0 0 0 0 0 0 0 0 0 0 0 0 0 0 0 0 0 0 0 0 0 0 0 0 0 0 0 0 0 0 0 0 0 0 0 0 0 0 0 0 0 0 0
1 a* 1 1 0
2 a* 1 1 0
3 a* 1 1 0
4 a* 1 1 0
5 a* 1 1 0
6 a* 1 1 0
7 a* 1 1 0
8 a* 1 1 0
9 a* 1 1 0
10 a* 1 1 0
11 a* 1 1 0
12 a* 1 1 0
13 a* 1 1 0
14 a* 1 1 0
15 a* 1 1 0
16 a* 1 1 0
17 a* 1 1 0
18 a* 1 1 0
19 a* 1 1 0
20 a* 1 1 0
21 a* 1 1 0
22 a* 1 1 0
23 a* 1 1 0
24 a* 1 1 0
25 a* 1 1 0
26 a* 1 1 0
27 a* 1 1 0
28 a* 1 1 0
29 a* 1 1 0
30 a* 1 1 0
31 a* 1 1 0
32 a* 1 1 0
33 a^32 32 1 0
33 a^31 31 0 0
33 a^30 30 0 0
33 a^29 29 0 0
33 a^28 28 0 0
33 a^27 27 0 0
33 a^26 26 0 0
33 a^25 25 0 0
33 a^24 24 0 0
33 a^23 23 0 0
33 a^22 22 0 0
33 a^21 21 0 0
33 a^20 20 0 0
33 a^19 19 0 0
33 a^18 18 0 0
33 a^17 17 0 0
33 a^16 16 0 0
33 a^15 15 0 0
33 a^14 14 0 0
33 a^13 13 0 0
33 a^12 12 0 0
33 a^11 11 0 0
33 a^10 10 0 0
33 a^9 9 0 0
33 a^8 8 0 0
33 a^7 7 0 0
33 a^6 6 0 0
33 a^5 5 0 0
33 a^4 4 0 0
33 a^3 3 0 0
33 a^2 2 0 0
33 a 1 0 0
34 a^32 32 0 0
34 a^31 31 1 0
34 a^30 30 0 0
34 a^29 29 0 0
34 a^28 28 0 0
34 a^27 27 0 0
34 a^26 26 0 0
34 a^25 25 0 0
34 a^24 24 0 0
34 a^23 23 0 0
34 a^22 22 0 0
34 a^21 21 0 0
34 a^20 20 0 0
34 a^19 19 0 0
34 a^18 18 0 0
34 a^17 17 0 0
34 a^16 16 0 0
34 a^15 15 0 0
34 a^14 14 0 0
34 a^13 13 0 0
34 a^12 12 0 0
34 a^11 11 0 0
34 a^10 10 0 0
34 a^9 9 0 0
34 a^8 8 0 0
34 a^7 7 0 0
34 a^6 6 0 0
34 a^5 5 0 0
34 a^4 4 0 0
34 a^3 3 0 0
34 a^2 2 0 0
34 a 1 0 0
35 a^32 32 0 0
35 a^31 31 0 0
35 a^30 30 1 0
35 a^29 29 0 0
35 a^28 28 0 0
35 a^27 27 0 0
35 a^26 26 0 0
35 a^25 25 0 0
35 a^24 24 0 0
35 a^23 23 0 0
35 a^22 22 0 0
35 a^21 21 0 0
35 a^20 20 0 0
35 a^19 19 0 0
35 a^18 18 0 0
35 a^17 17 0 0
35 a^16 16 0 0
35 a^15 15 0 0
35 a^14 14 0 0
35 a^13 13 0 0
35 a^12 12 0 0
35 a^11 11 0 0
35 a^10 10 0 0
35 a^9 9 0 0
35 a^8 8 0 0
35 a^7 7 0 0
35 a^6 6 0 0
35 a^5 5 0 0
35 a^4 4 0 0
35 a^3 3 0 0
35 a^2 2 0 0
35 a 1 0 0
36 a^32 32 0 0
36 a^31 31 0 0
36 a^30 30 0 0
36 a^29 29 1 0
36 a^28 28 0 0
36 a^27 27 0 0
36 a^26 26 0 0
36 a^25 25 0 0
36 a^24 24 0 0
36 a^23 23 0 0
36 a^22 22 0 0
36 a^21 21 0 0
36 a^20 20 0 0
36 a^19 19 0 0
36 a^18 18 0 0
36 a^17 17 0 0
36 a^16 16 0 0
36 a^15 15 0 0
36 a^14 14 0 0
36 a^13 13 0 0
36 a^12 12 0 0
36 a^11 11 0 0
36 a^10 10 0 0
36 a^9 9 0 0
36 a^8 8 0 0
36 a^7 7 0 0
36 a^6 6 0 0
36 a^5 5 0 0
36 a^4 4 0 0
36 a^3 3 0 0
36 a^2 2 0 0
36 a 1 0 0
37 a^32 32 0 0
37 a^31 31 0 0
37 a^30 30 0 0
37 a^29 29 0 0
37 a^28 28 1 0
37 a^27 27 0 0
37 a^26 26 0 0
37 a^25 25 0 0
37 a^24 24 0 0
37 a^23 23 0 0
37 a^22 22 0 0
37 a^21 21 0 0
37 a^20 20 0 0
37 a^19 19 0 0
37 a^18 18 0 0
37 a^17 17 0 0
37 a^16 16 0 0
37 a^15 15 0 0
37 a^14 14 0 0
37 a^13 13 0 0
37 a^12 12 0 0
37 a^11 11 0 0
37 a^10 10 0 0
37 a^9 9 0 0
37 a^8 8 0 0
37 a^7 7 0 0
37 a^6 6 0 0
37 a^5 5 0 0
37 a^4 4 0 0
37 a^3 3 0 0
37 a^2 2 0 0
37 a 1 0 0
38 a^32 32 0 0
38 a^31 31 0 0
38 a^30 30 0 0
38 a^29 29 0 0
38 a^28 28 0 0
38 a^27 27 1 0
38 a^26 26 0 0
38 a^25 25 0 0
38 a^24 24 0 0
38 a^23 23 0 0
38 a^22 22 0 0
38 a^21 21 0 0
38 a^20 20 0 0
38 a^19 19 0 0
38 a^18 18 0 0
38 a^17 17 0 0
38 a^16 16 0 0
38 a^15 15 0 0
38 a^14 14 0 0
38 a^13 13 0 0
38 a^12 12 0 0
38 a^11 11 0 0
38 a^10 10 0 0
38 a^9 9 0 0
38 a^8 8 0 0
38 a^7 7 0 0
38 a^6 6 0 0
38 a^5 5 0 0
38 a^4 4 0 0
38 a^3 3 0 0
38 a^2 2 0 0
38 a 1 0 0
39 a^32 32 0 0
39 a^31 31 0 0
39 a^30 30 0 0
39 a^29 29 0 0
39 a^28 28 0 0
39 a^27 27 0 0
39 a^26 26 1 0
39 a^25 25 0 0
39 a^24 24 0 0
39 a^23 23 0 0
39 a^22 22 0 0
39 a^21 21 0 0
39 a^20 20 0 0
39 a^19 19 0 0
39 a^18 18 0 0
39 a^17 17 0 0
39 a^16 16 0 0
39 a^15 15 0 0
39 a^14 14 0 0
39 a^13 13 0 0
39 a^12 12 0 0
39 a^11 11 0 0
39 a^10 10 0 0
39 a^9 9 0 0
39 a^8 8 0 0
39 a^7 7 0 0
39 a^6 6 0 0
39 a^5 5 0 0
39 a^4 4 0 0
39 a^3 3 0 0
39 a^2 2 0 0
39 a 1 0 0
40 a^32 32 0 0
40 a^31 31 0 0
40 a^30 30 0 0
40 a^29 29 0 0
40 a^28 28 0 0
40 a^27 27 0 0
40 a^26 26 0 0
40 a^25 25 1 0
40 a^24 24 0 0
40 a^23 23 0 0
40 a^22 22 0 0
40 a^21 21 0 0
40 a^20 20 0 0
40 a^19 19 0 0
40 a^18 18 0 0
40 a^17 17 0 0
40 a^16 16 0 0
40 a^15 15 0 0
40 a^14 14 0 0
40 a^13 13 0 0
40 a^12 12 0 0
40 a^11 11 0 0
40 a^10 10 0 0
40 a^9 9 0 0
40 a^8 8 0 0
40 a^7 7 0 0
40 a^6 6 0 0
40 a^5 5 0 0
40 a^4 4 0 0
40 a^3 3 0 0
40 a^2 2 0 0
40 a 1 0 0
41 a^32 32 0 0
41 a^31 31 0 0
41 a^30 30 0 0
41 a^29 29 0 0
41 a^28 28 0 0
41 a^27 27 0 0
41 a^26 26 0 0
41 a^25 25 0 0
41 a^24 24 1 0
41 a^23 23 0 0
41 a^22 22 0 0
41 a^21 21 0 0
41 a^20 20 0 0
41 a^19 19 0 0
41 a^18 18 0 0
41 a^17 17 0 0
41 a^16 16 0 0
41 a^15 15 0 0
41 a^14 14 0 0
41 a^13 13 0 0
41 a^12 12 0 0
41 a^11 11 0 0
41 a^10 10 0 0
41 a^9 9 0 0
41 a^8 8 0 0
41 a^7 7 0 0
41 a^6 6 0 0
41 a^5 5 0 0
41 a^4 4 0 0
41 a^3 3 0 0
41 a^2 2 0 0
41 a 1 0 0
42 a^32 32 0 0
42 a^31 31 0 0
42 a^30 30 0 0
42 a^29 29 0 0
42 a^28 28 0 0
42 a^27 27 0 0
42 a^26 26 0 0
42 a^25 25 0 0
42 a^24 24 0 0
42 a^23 23 1 0
42 a^22 22 0 0
42 a^21 21 0 0
42 a^20 20 0 0
42 a^19 19 0 0
42 a^18 18 0 0
42 a^17 17 0 0
42 a^16 16 0 0
42 a^15 15 0 0
42 a^14 14 0 0
42 a^13 13 0 0
42 a^12 12 0 0
42 a^11 11 0 0
42 a^10 10 0 0
42 a^9 9 0 0
42 a^8 8 0 0
42 a^7 7 0 0
42 a^6 6 0 0
42 a^5 5 0 0
42 a^4 4 0 0
42 a^3 3 0 0
42 a^2 2 0 0
42 a 1 0 0
43 a^32 32 0 0
43 a^31 31 0 0
43 a^30 30 0 0
43 a^29 29 0 0
43 a^28 28 0 0
43 a^27 27 0 0
43 a^26 26 0 0
43 a^25 25 0 0
43 a^24 24 0 0
43 a^23 23 0 0
43 a^22 22 1 0
43 a^21 21 0 0
43 a^20 20 0 0
43 a^19 19 0 0
43 a^18 18 0 0
43 a^17 17 0 0
43 a^16 16 0 0
43 a^15 15 0 0
43 a^14 14 0 0
43 a^13 13 0 0
43 a^12 12 0 0
43 a^11 11 0 0
43 a^10 10 0 0
43 a^9 9 0 0
43 a^8 8 0 0
43 a^7 7 0 0
43 a^6 6 0 0
43 a^5 5 0 0
43 a^4 4 0 0
43 a^3 3 0 0
43 a^2 2 0 0
43 a 1 0 0
44 a^32 32 0 0
44 a^31 31 0 0
44 a^30 30 0 0
44 a^29 29 0 0
44 a^28 28 0 0
44 a^27 27 0 0
44 a^26 26 0 0
44 a^25 25 0 0
44 a^24 24 0 0
44 a^23 23 0 0
44 a^22 22 0 0
44 a^21 21 1 0
44 a^20 20 0 0
44 a^19 19 0 0
44 a^18 18 0 0
44 a^17 17 0 0
44 a^16 16 0 0
44 a^15 15 0 0
44 a^14 14 0 0
44 a^13 13 0 0
44 a^12 12 0 0
44 a^11 11 0 0
44 a^10 10 0 0
44 a^9 9 0 0
44 a^8 8 0 0
44 a^7 7 0 0
44 a^6 6 0 0
44 a^5 5 0 0
44 a^4 4 0 0
44 a^3 3 0 0
44 a^2 2 0 0
44 a 1 0 0
45 a^32 32 0 0
45 a^31 31 0 0
45 a^30 30 0 0
45 a^29 29 0 0
45 a^28 28 0 0
45 a^27 27 0 0
45 a^26 26 0 0
45 a^25 25 0 0
45 a^24 24 0 0
45 a^23 23 0 0
45 a^22 22 0 0
45 a^21 21 0 0
45 a^20 20 1 0
45 a^19 19 0 0
45 a^18 18 0 0
45 a^17 17 0 0
45 a^16 16 0 0
45 a^15 15 0 0
45 a^14 14 0 0
45 a^13 13 0 0
45 a^12 12 0 0
45 a^11 11 0 0
45 a^10 10 0 0
45 a^9 9 0 0
45 a^8 8 0 0
45 a^7 7 0 0
45 a^6 6 0 0
45 a^5 5 0 0
45 a^4 4 0 0
45 a^3 3 0 0
45 a^2 2 0 0
45 a 1 0 0
46 a^32 32 0 0
46 a^31 31 0 0
46 a^30 30 0 0
46 a^29 29 0 0
46 a^28 28 0 0
46 a^27 27 0 0
46 a^26 26 0 0
46 a^25 25 0 0
46 a^24 24 0 0
46 a^23 23 0 0
46 a^22 22 0 0
46 a^21 21 0 0
46 a^20 20 0 0
46 a^19 19 1 0
46 a^18 18 0 0
46 a^17 17 0 0
46 a^16 16 0 0
46 a^15 15 0 0
46 a^14 14 0 0
46 a^13 13 0 0
46 a^12 12 0 0
46 a^11 11 0 0
46 a^10 10 0 0
46 a^9 9 0 0
46 a^8 8 0 0
46 a^7 7 0 0
46 a^6 6 0 0
46 a^5 5 0 0
46 a^4 4 0 0
46 a^3 3 0 0
46 a^2 2 0 0
46 a 1 0 0
47 a^32 32 0 0
47 a^31 31 0 0
47 a^30 30 0 0
47 a^29 29 0 0
47 a^28 28 0 0
47 a^27 27 0 0
47 a^26 26 0 0
47 a^25 25 0 0
47 a^24 24 0 0
47 a^23 23 0 0
47 a^22 22 0 0
47 a^21 21 0 0
47 a^20 20 0 0
47 a^19 19 0 0
47 a^18 18 1 0
47 a^17 17 0 0
47 a^16 16 0 0
47 a^15 15 0 0
47 a^14 14 0 0
47 a^13 13 0 0
47 a^12 12 0 0
47 a^11 11 0 0
47 a^10 10 0 0
47 a^9 9 0 0
47 a^8 8 0 0
47 a^7 7 0 0
47 a^6 6 0 0
47 a^5 5 0 0
47 a^4 4 0 0
47 a^3 3 0 0
47 a^2 2 0 0
47 a 1 0 0
48 a^32 32 0 0
48 a^31 31 0 0
48 a^30 30 0 0
48 a^29 29 0 0
48 a^28 28 0 0
48 a^27 27 0 0
48 a^26 26 0 0
48 a^25 25 0 0
48 a^24 24 0 0
48 a^23 23 0 0
48 a^22 22 0 0
48 a^21 21 0 0
48 a^20 20 0 0
48 a^19 19 0 0
48 a^18 18 0 0
48 a^17 17 1 0
48 a^16 16 0 0
48 a^15 15 0 0
48 a^14 14 0 0
48 a^13 13 0 0
48 a^12 12 0 0
48 a^11 11 0 0
48 a^10 10 0 0
48 a^9 9 0 0
48 a^8 8 0 0
48 a^7 7 0 0
48 a^6 6 0 0
48 a^5 5 0 0
48 a^4 4 0 0
48 a^3 3 0 0
48 a^2 2 0 0
48 a 1 0 0
49 a^32 32 0 0
49 a^31 31 0 0
49 a^30 30 0 0
49 a^29 29 0 0
49 a^28 28 0 0
49 a^27 27 0 0
49 a^26 26 0 0
49 a^25 25 0 0
49 a^24 24 0 0
49 a^23 23 0 0
49 a^22 22 0 0
49 a^21 21 0 0
49 a^20 20 0 0
49 a^19 19 0 0
49 a^18 18 0 0
49 a^17 17 0 0
49 a^16 16 1 0
49 a^15 15 0 0
49 a^14 14 0 0
49 a^13 13 0 0
49 a^12 12 0 0
49 a^11 11 0 0
49 a^10 10 0 0
49 a^9 9 0 0
49 a^8 8 0 0
49 a^7 7 0 0
49 a^6 6 0 0
49 a^5 5 0 0
49 a^4 4 0 0
49 a^3 3 0 0
49 a^2 2 0 0
49 a 1 0 0
50 a^32 32 0 0
50 a^31 31 0 0
50 a^30 30 0 0
50 a^29 29 0 0
50 a^28 28 0 0
50 a^27 27 0 0
50 a^26 26 0 0
50 a^25 25 0 0
50 a^24 24 0 0
50 a^23 23 0 0
50 a^22 22 0 0
50 a^21 21 0 0
50 a^20 20 0 0
50 a^19 19 0 0
50 a^18 18 0 0
50 a^17 17 0 0
50 a^16 16 0 0
50 a^15 15 1 0
50 a^14 14 0 0
50 a^13 13 0 0
50 a^12 12 0 0
50 a^11 11 0 0
50 a^10 10 0 0
50 a^9 9 0 0
50 a^8 8 0 0
50 a^7 7 0 0
50 a^6 6 0 0
50 a^5 5 0 0
50 a^4 4 0 0
50 a^3 3 0 0
50 a^2 2 0 0
50 a 1 0 0
51 a^32 32 0 0
51 a^31 31 0 0
51 a^30 30 0 0
51 a^29 29 0 0
51 a^28 28 0 0
51 a^27 27 0 0
51 a^26 26 0 0
51 a^25 25 0 0
51 a^24 24 0 0
51 a^23 23 0 0
51 a^22 22 0 0
51 a^21 21 0 0
51 a^20 20 0 0
51 a^19 19 0 0
51 a^18 18 0 0
51 a^17 17 0 0
51 a^16 16 0 0
51 a^15 15 0 0
51 a^14 14 1 0
51 a^13 13 0 0
51 a^12 12 0 0
51 a^11 11 0 0
51 a^10 10 0 0
51 a^9 9 0 0
51 a^8 8 0 0
51 a^7 7 0 0
51 a^6 6 0 0
51 a^5 5 0 0
51 a^4 4 0 0
51 a^3 3 0 0
51 a^2 2 0 0
51 a 1 0 0
52 a^32 32 0 0
52 a^31 31 0 0
52 a^30 30 0 0
52 a^29 29 0 0
52 a^28 28 0 0
52 a^27 27 0 0
52 a^26 26 0 0
52 a^25 25 0 0
52 a^24 24 0 0
52 a^23 23 0 0
52 a^22 22 0 0
52 a^21 21 0 0
52 a^20 20 0 0
52 a^19 19 0 0
52 a^18 18 0 0
52 a^17 17 0 0
52 a^16 16 0 0
52 a^15 15 0 0
52 a^14 14 0 0
52 a^13 13 1 0
52 a^12 12 0 0
52 a^11 11 0 0
52 a^10 10 0 0
52 a^9 9 0 0
52 a^8 8 0 0
52 a^7 7 0 0
52 a^6 6 0 0
52 a^5 5 0 0
52 a^4 4 0 0
52 a^3 3 0 0
52 a^2 2 0 0
52 a 1 0 0
53 a^32 32 0 0
53 a^31 31 0 0
53 a^30 30 0 0
53 a^29 29 0 0
53 a^28 28 0 0
53 a^27 27 0 0
53 a^26 26 0 0
53 a^25 25 0 0
53 a^24 24 0 0
53 a^23 23 0 0
53 a^22 22 0 0
53 a^21 21 0 0
53 a^20 20 0 0
53 a^19 19 0 0
53 a^18 18 0 0
53 a^17 17 0 0
53 a^16 16 0 0
53 a^15 15 0 0
53 a^14 14 0 0
53 a^13 13 0 0
53 a^12 12 1 0
53 a^11 11 0 0
53 a^10 10 0 0
53 a^9 9 0 0
53 a^8 8 0 0
53 a^7 7 0 0
53 a^6 6 0 0
53 a^5 5 0 0
53 a^4 4 0 0
53 a^3 3 0 0
53 a^2 2 0 0
53 a 1 0 0
54 a^32 32 0 0
54 a^31 31 0 0
54 a^30 30 0 0
54 a^29 29 0 0
54 a^28 28 0 0
54 a^27 27 0 0
54 a^26 26 0 0
54 a^25 25 0 0
54 a^24 24 0 0
54 a^23 23 0 0
54 a^22 22 0 0
54 a^21 21 0 0
54 a^20 20 0 0
54 a^19 19 0 0
54 a^18 18 0 0
54 a^17 17 0 0
54 a^16 16 0 0
54 a^15 15 0 0
54 a^14 14 0 0
54 a^13 13 0 0
54 a^12 12 0 0
54 a^11 11 1 0
54 a^10 10 0 0
54 a^9 9 0 0
54 a^8 8 0 0
54 a^7 7 0 0
54 a^6 6 0 0
54 a^5 5 0 0
54 a^4 4 0 0
54 a^3 3 0 0
54 a^2 2 0 0
54 a 1 0 0
55 a^32 32 0 0
55 a^31 31 0 0
55 a^30 30 0 0
55 a^29 29 0 0
55 a^28 28 0 0
55 a^27 27 0 0
55 a^26 26 0 0
55 a^25 25 0 0
55 a^24 24 0 0
55 a^23 23 0 0
55 a^22 22 0 0
55 a^21 21 0 0
55 a^20 20 0 0
55 a^19 19 0 0
55 a^18 18 0 0
55 a^17 17 0 0
55 a^16 16 0 0
55 a^15 15 0 0
55 a^14 14 0 0
55 a^13 13 0 0
55 a^12 12 0 0
55 a^11 11 0 0
55 a^10 10 1 0
55 a^9 9 0 0
55 a^8 8 0 0
55 a^7 7 0 0
55 a^6 6 0 0
55 a^5 5 0 0
55 a^4 4 0 0
55 a^3 3 0 0
55 a^2 2 0 0
55 a 1 0 0
56 a^32 32 0 0
56 a^31 31 0 0
56 a^30 30 0 0
56 a^29 29 0 0
56 a^28 28 0 0
56 a^27 27 0 0
56 a^26 26 0 0
56 a^25 25 0 0
56 a^24 24 0 0
56 a^23 23 0 0
56 a^22 22 0 0
56 a^21 21 0 0
56 a^20 20 0 0
56 a^19 19 0 0
56 a^18 18 0 0
56 a^17 17 0 0
56 a^16 16 0 0
56 a^15 15 0 0
56 a^14 14 0 0
56 a^13 13 0 0
56 a^12 12 0 0
56 a^11 11 0 0
56 a^10 10 0 0
56 a^9 9 1 0
56 a^8 8 0 0
56 a^7 7 0 0
56 a^6 6 0 0
56 a^5 5 0 0
56 a^4 4 0 0
56 a^3 3 0 0
56 a^2 2 0 0
56 a 1 0 0
57 a^32 32 0 0
57 a^31 31 0 0
57 a^30 30 0 0
57 a^29 29 0 0
57 a^28 28 0 0
57 a^27 27 0 0
57 a^26 26 0 0
57 a^25 25 0 0
57 a^24 24 0 0
57 a^23 23 0 0
57 a^22 22 0 0
57 a^21 21 0 0
57 a^20 20 0 0
57 a^19 19 0 0
57 a^18 18 0 0
57 a^17 17 0 0
57 a^16 16 0 0
57 a^15 15 0 0
57 a^14 14 0 0
57 a^13 13 0 0
57 a^12 12 0 0
57 a^11 11 0 0
57 a^10 10 0 0
57 a^9 9 0 0
57 a^8 8 1 0
57 a^7 7 0 0
57 a^6 6 0 0
57 a^5 5 0 0
57 a^4 4 0 0
57 a^3 3 0 0
57 a^2 2 0 0
57 a 1 0 0
58 a^32 32 0 0
58 a^31 31 0 0
58 a^30 30 0 0
58 a^29 29 0 0
58 a^28 28 0 0
58 a^27 27 0 0
58 a^26 26 0 0
58 a^25 25 0 0
58 a^24 24 0 0
58 a^23 23 0 0
58 a^22 22 0 0
58 a^21 21 0 0
58 a^20 20 0 0
58 a^19 19 0 0
58 a^18 18 0 0
58 a^17 17 0 0
58 a^16 16 0 0
58 a^15 15 0 0
58 a^14 14 0 0
58 a^13 13 0 0
58 a^12 12 0 0
58 a^11 11 0 0
58 a^10 10 0 0
58 a^9 9 0 0
58 a^8 8 0 0
58 a^7 7 1 0
58 a^6 6 0 0
58 a^5 5 0 0
58 a^4 4 0 0
58 a^3 3 0 0
58 a^2 2 0 0
58 a 1 0 0
59 a^32 32 0 0
59 a^31 31 0 0
59 a^30 30 0 0
59 a^29 29 0 0
59 a^28 28 0 0
59 a^27 27 0 0
59 a^26 26 0 0
59 a^25 25 0 0
59 a^24 24 0 0
59 a^23 23 0 0
59 a^22 22 0 0
59 a^21 21 0 0
59 a^20 20 0 0
59 a^19 19 0 0
59 a^18 18 0 0
59 a^17 17 0 0
59 a^16 16 0 0
59 a^15 15 0 0
59 a^14 14 0 0
59 a^13 13 0 0
59 a^12 12 0 0
59 a^11 11 0 0
59 a^10 10 0 0
59 a^9 9 0 0
59 a^8 8 0 0
59 a^7 7 0 0
59 a^6 6 1 0
59 a^5 5 0 0
59 a^4 4 0 0
59 a^3 3 0 0
59 a^2 2 0 0
59 a 1 0 0
60 a^32 32 0 0
60 a^31 31 0 0
60 a^30 30 0 0
60 a^29 29 0 0
60 a^28 28 0 0
60 a^27 27 0 0
60 a^26 26 0 0
60 a^25 25 0 0
60 a^24 24 0 0
60 a^23 23 0 0
60 a^22 22 0 0
60 a^21 21 0 0
60 a^20 20 0 0
60 a^19 19 0 0
60 a^18 18 0 0
60 a^17 17 0 0
60 a^16 16 0 0
60 a^15 15 0 0
60 a^14 14 0 0
60 a^13 13 0 0
60 a^12 12 0 0
60 a^11 11 0 0
60 a^10 10 0 0
60 a^9 9 0 0
60 a^8 8 0 0
60 a^7 7 0 0
60 a^6 6 0 0
60 a^5 5 1 0
60 a^4 4 0 0
60 a^3 3 0 0
60 a^2 2 0 0
60 a 1 0 0
61 a^32 32 0 0
61 a^31 31 0 0
61 a^30 30 0 0
61 a^29 29 0 0
61 a^28 28 0 0
61 a^27 27 0 0
61 a^26 26 0 0
61 a^25 25 0 0
61 a^24 24 0 0
61 a^23 23 0 0
61 a^22 22 0 0
61 a^21 21 0 0
61 a^20 20 0 0
61 a^19 19 0 0
61 a^18 18 0 0
61 a^17 17 0 0
61 a^16 16 0 0
61 a^15 15 0 0
61 a^14 14 0 0
61 a^13 13 0 0
61 a^12 12 0 0
61 a^11 11 0 0
61 a^10 10 0 0
61 a^9 9 0 0
61 a^8 8 0 0
61 a^7 7 0 0
61 a^6 6 0 0
61 a^5 5 0 0
61 a^4 4 1 0
61 a^3 3 0 0
61 a^2 2 0 0
61 a 1 0 0
62 a^32 32 0 0
62 a^31 31 0 0
62 a^30 30 0 0
62 a^29 29 0 0
62 a^28 28 0 0
62 a^27 27 0 0
62 a^26 26 0 0
62 a^25 25 0 0
62 a^24 24 0 0
62 a^23 23 0 0
62 a^22 22 0 0
62 a^21 21 0 0
62 a^20 20 0 0
62 a^19 19 0 0
62 a^18 18 0 0
62 a^17 17 0 0
62 a^16 16 0 0
62 a^15 15 0 0
62 a^14 14 0 0
62 a^13 13 0 0
62 a^12 12 0 0
62 a^11 11 0 0
62 a^10 10 0 0
62 a^9 9 0 0
62 a^8 8 0 0
62 a^7 7 0 0
62 a^6 6 0 0
62 a^5 5 0 0
62 a^4 4 0 0
62 a^3 3 1 0
62 a^2 2 0 0
62 a 1 0 0
63 a^32 32 0 0
63 a^31 31 0 0
63 a^30 30 0 0
63 a^29 29 0 0
63 a^28 28 0 0
63 a^27 27 0 0
63 a^26 26 0 0
63 a^25 25 0 0
63 a^24 24 0 0
63 a^23 23 0 0
63 a^22 22 0 0
63 a^21 21 0 0
63 a^20 20 0 0
63 a^19 19 0 0
63 a^18 18 0 0
63 a^17 17 0 0
63 a^16 16 0 0
63 a^15 15 0 0
63 a^14 14 0 0
63 a^13 13 0 0
63 a^12 12 0 0
63 a^11 11 0 0
63 a^10 10 0 0
63 a^9 9 0 0
63 a^8 8 0 0
63 a^7 7 0 0
63 a^6 6 0 0
63 a^5 5 0 0
63 a^4 4 0 0
63 a^3 3 0 0
63 a^2 2 1 0
63 a 1 0 0
64 a^32 32 0 0
64 a^31 31 0 0
64 a^30 30 0 0
64 a^29 29 0 0
64 a^28 28 0 0
64 a^27 27 0 0
64 a^26 26 0 0
64 a^25 25 0 0
64 a^24 24 0 0
64 a^23 23 0 0
64 a^22 22 0 0
64 a^21 21 0 0
64 a^20 20 0 0
64 a^19 19 0 0
64 a^18 18 0 0
64 a^17 17 0 0
64 a^16 16 0 0
64 a^15 15 0 0
64 a^14 14 0 0
64 a^13 13 0 0
64 a^12 12 0 0
64 a^11 11 0 0
64 a^10 10 0 0
64 a^9 9 0 0
64 a^8 8 0 0
64 a^7 7 0 0
64 a^6 6 0 0
64 a^5 5 0 0
64 a^4 4 0 0
64 a^3 3 0 0
64 a^2 2 0 0
64 a 1 1 0
in{0}
in{1}
in{2}
in{3}
in{4}
in{5}
in{6}
in{7}
in{8}
in{9}
in{10}
in{11}
in{12}
in{13}
in{14}
in{15}
in{16}
in{17}
in{18}
in{19}
in{20}
in{21}
in{22}
in{23}
in{24}
in{25}
in{26}
in{27}
in{28}
in{29}
in{30}
in{31}
mid{0}
mid{1}
mid{2}
mid{3}
mid{4}
mid{5}
mid{6}
mid{7}
mid{8}
mid{9}
mid{10}
mid{11}
mid{12}
mid{13}
mid{14}
mid{15}
mid{16}
mid{17}
mid{18}
mid{19}
mid{20}
mid{21}
mid{22}
mid{23}
mid{24}
mid{25}
mid{26}
mid{27}
mid{28}
mid{29}
mid{30}
mid{31}
out{0}
out{1}
out{2}
out{3}
out{4}
out{5}
out{6}
out{7}
out{8}
out{9}
out{10}
out{11}
out{12}
out{13}
out{14}
out{15}
out{16}
out{17}
out{18}
out{19}
out{20}
out{21}
out{22}
out{23}
out{24}
out{25}
out{26}
out{27}
out{28}
out{29}
out{30}
out{31}
-1
33 34 35 36 37 38 39 40 41 42 43 44 45 46 47 48 49 50 51 52 53 54 55 56 57 58 59 60 61 62 63 64 
33 34 35 36 37 38 39 40 41 42 43 44 45 46 47 48 49 50 51 52 53 54 55 56 57 58 59 60 61 62 63 64 
33 34 35 36 37 38 39 40 41 42 43 44 45 46 47 48 49 50 51 52 53 54 55 56 57 58 59 60 61 62 63 64 
33 34 35 36 37 38 39 40 41 42 43 44 45 46 47 48 49 50 51 52 53 54 55 56 57 58 59 60 61 62 63 64 
33 34 35 36 37 38 39 40 41 42 43 44 45 46 47 48 49 50 51 52 53 54 55 56 57 58 59 60 61 62 63 64 
33 34 35 36 37 38 39 40 41 42 43 44 45 46 47 48 49 50 51 52 53 54 55 56 57 58 59 60 61 62 63 64 
33 34 35 36 37 38 39 40 41 42 43 44 45 46 47 48 49 50 51 52 53 54 55 56 57 58 59 60 61 62 63 64 
33 34 35 36 37 38 39 40 41 42 43 44 45 46 47 48 49 50 51 52 53 54 55 56 57 58 59 60 61 62 63 64 
33 34 35 36 37 38 39 40 41 42 43 44 45 46 47 48 49 50 51 52 53 54 55 56 57 58 59 60 61 62 63 64 
33 34 35 36 37 38 39 40 41 42 43 44 45 46 47 48 49 50 51 52 53 54 55 56 57 58 59 60 61 62 63 64 
33 34 35 36 37 38 39 40 41 42 43 44 45 46 47 48 49 50 51 52 53 54 55 56 57 58 59 60 61 62 63 64 
33 34 35 36 37 38 39 40 41 42 43 44 45 46 47 48 49 50 51 52 53 54 55 56 57 58 59 60 61 62 63 64 
33 34 35 36 37 38 39 40 41 42 43 44 45 46 47 48 49 50 51 52 53 54 55 56 57 58 59 60 61 62 63 64 
33 34 35 36 37 38 39 40 41 42 43 44 45 46 47 48 49 50 51 52 53 54 55 56 57 58 59 60 61 62 63 64 
33 34 35 36 37 38 39 40 41 42 43 44 45 46 47 48 49 50 51 52 53 54 55 56 57 58 59 60 61 62 63 64 
33 34 35 36 37 38 39 40 41 42 43 44 45 46 47 48 49 50 51 52 53 54 55 56 57 58 59 60 61 62 63 64 
33 34 35 36 37 38 39 40 41 42 43 44 45 46 47 48 49 50 51 52 53 54 55 56 57 58 59 60 61 62 63 64 
33 34 35 36 37 38 39 40 41 42 43 44 45 46 47 48 49 50 51 52 53 54 55 56 57 58 59 60 61 62 63 64 
33 34 35 36 37 38 39 40 41 42 43 44 45 46 47 48 49 50 51 52 53 54 55 56 57 58 59 60 61 62 63 64 
33 34 35 36 37 38 39 40 41 42 43 44 45 46 47 48 49 50 51 52 53 54 55 56 57 58 59 60 61 62 63 64 
33 34 35 36 37 38 39 40 41 42 43 44 45 46 47 48 49 50 51 52 53 54 55 56 57 58 59 60 61 62 63 64 
33 34 35 36 37 38 39 40 41 42 43 44 45 46 47 48 49 50 51 52 53 54 55 56 57 58 59 60 61 62 63 64 
33 34 35 36 37 38 39 40 41 42 43 44 45 46 47 48 49 50 51 52 53 54 55 56 57 58 59 60 61 62 63 64 
33 34 35 36 37 38 39 40 41 42 43 44 45 46 47 48 49 50 51 52 53 54 55 56 57 58 59 60 61 62 63 64 
33 34 35 36 37 38 39 40 41 42 43 44 45 46 47 48 49 50 51 52 53 54 55 56 57 58 59 60 61 62 63 64 
33 34 35 36 37 38 39 40 41 42 43 44 45 46 47 48 49 50 51 52 53 54 55 56 57 58 59 60 61 62 63 64 
33 34 35 36 37 38 39 40 41 42 43 44 45 46 47 48 49 50 51 52 53 54 55 56 57 58 59 60 61 62 63 64 
33 34 35 36 37 38 39 40 41 42 43 44 45 46 47 48 49 50 51 52 53 54 55 56 57 58 59 60 61 62 63 64 
33 34 35 36 37 38 39 40 41 42 43 44 45 46 47 48 49 50 51 52 53 54 55 56 57 58 59 60 61 62 63 64 
33 34 35 36 37 38 39 40 41 42 43 44 45 46 47 48 49 50 51 52 53 54 55 56 57 58 59 60 61 62 63 64 
33 34 35 36 37 38 39 40 41 42 43 44 45 46 47 48 49 50 51 52 53 54 55 56 57 58 59 60 61 62 63 64 
33 34 35 36 37 38 39 40 41 42 43 44 45 46 47 48 49 50 51 52 53 54 55 56 57 58 59 60 61 62 63 64 
65 66 67 68 69 70 71 72 73 74 75 76 77 78 79 80 81 82 83 84 85 86 87 88 89 90 91 92 93 94 95 96 
66 67 68 69 70 71 72 73 74 75 76 77 78 79 80 81 82 83 84 85 86 87 88 89 90 91 92 93 94 95 96 
67 68 69 70 71 72 73 74 75 76 77 78 79 80 81 82 83 84 85 86 87 88 89 90 91 92 93 94 95 96 
68 69 70 71 72 73 74 75 76 77 78 79 80 81 82 83 84 85 86 87 88 89 90 91 92 93 94 95 96 
69 70 71 72 73 74 75 76 77 78 79 80 81 82 83 84 85 86 87 88 89 90 91 92 93 94 95 96 
70 71 72 73 74 75 76 77 78 79 80 81 82 83 84 85 86 87 88 89 90 91 92 93 94 95 96 
71 72 73 74 75 76 77 78 79 80 81 82 83 84 85 86 87 88 89 90 91 92 93 94 95 96 
72 73 74 75 76 77 78 79 80 81 82 83 84 85 86 87 88 89 90 91 92 93 94 95 96 
73 74 75 76 77 78 79 80 81 82 83 84 85 86 87 88 89 90 91 92 93 94 95 96 
74 75 76 77 78 79 80 81 82 83 84 85 86 87 88 89 90 91 92 93 94 95 96 
75 76 77 78 79 80 81 82 83 84 85 86 87 88 89 90 91 92 93 94 95 96 
76 77 78 79 80 81 82 83 84 85 86 87 88 89 90 91 92 93 94 95 96 
77 78 79 80 81 82 83 84 85 86 87 88 89 90 91 92 93 94 95 96 
78 79 80 81 82 83 84 85 86 87 88 89 90 91 92 93 94 95 96 
79 80 81 82 83 84 85 86 87 88 89 90 91 92 93 94 95 96 
80 81 82 83 84 85 86 87 88 89 90 91 92 93 94 95 96 
81 82 83 84 85 86 87 88 89 90 91 92 93 94 95 96 
82 83 84 85 86 87 88 89 90 91 92 93 94 95 96 
83 84 85 86 87 88 89 90 91 92 93 94 95 96 
84 85 86 87 88 89 90 91 92 93 94 95 96 
85 86 87 88 89 90 91 92 93 94 95 96 
86 87 88 89 90 91 92 93 94 95 96 
87 88 89 90 91 92 93 94 95 96 
88 89 90 91 92 93 94 95 96 
89 90 91 92 93 94 95 96 
90 91 92 93 94 95 96 
91 92 93 94 95 96 
92 93 94 95 96 
93 94 95 96 
94 95 96 
95 96 
96 
-1 
-1 
-1 
-1 
-1 
-1 
-1 
-1 
-1 
-1 
-1 
-1 
-1 
-1 
-1 
-1 
-1 
-1 
-1 
-1 
-1 
-1 
-1 
-1 
-1 
-1 
-1 
-1 
-1 
-1 
-1 
-1 
