36
28
35 29 90 46 0 0 0 0 0 0 0 0 0 0 0 0 0 0 0 0 0 0 0 0 0 0 0 0
1 a+ 1 1 0
2 a+ 1 1 0
3 a+ 1 1 0
4 a+ 1 1 0
5 a^2 2 1 0
5 a 1 0 0
6 a^2 2 0 0
6 a 1 1 0
7 a^2 2 0 0
7 a 1 1 0
8 a^2 2 1 0
8 a 1 0 0
9 a+ 1 1 0
10 a+ 1 1 0
11 a+ 1 1 0
12 a+ 1 1 0
13 a^2 2 1 0
13 a 1 0 0
14 a^2 2 1 0
14 a 1 0 0
15 a^2 2 0 0
15 a 1 1 0
16 a^2 2 0 0
16 a 1 1 0
17 a+ 1 1 0
18 a+ 1 1 0
19 a+ 1 1 0
20 a+ 1 1 0
21 a^2 2 1 0
21 a 1 0 0
22 a^2 2 0 0
22 a 1 1 0
23 a^2 2 1 0
23 a 1 0 0
24 a^2 2 0 0
24 a 1 1 0
in{0}
in{1}
in{2}
in{3}
mid1{0}
mid1{1}
mid1{2}
mid1{3}
mid2{0}
mid2{1}
mid2{2}
mid2{3}
mid3{0}
mid3{1}
mid3{2}
mid3{3}
mid4{0}
mid4{1}
mid4{2}
mid4{3}
mid5{0}
mid5{1}
mid5{2}
mid5{3}
out{0}
out{1}
out{2}
out{3}
-1
5 6 
5 6 
7 8 
7 8 
9 10 
10 
11 
11 12 
13 15 
14 16 
13 15 
14 16 
17 19 
18 20 
19 
20 
21 22 
21 22 
23 24 
23 24 
25 26 
26 
27 28 
28 
-1 
-1 
-1 
-1 
