4160
192
95 16 84 58 27 63 9 1 24 55 96 84 35 46 92 51 21 40 99 32 4 52 71 98 85 94 97 99 93 20 82 94 82 74 71 56 43 80 9 18 64 3 93 27 77 15 81 62 33 89 49 82 63 22 69 14 91 54 49 62 99 6 29 25 0 0 0 0 0 0 0 0 0 0 0 0 0 0 0 0 0 0 0 0 0 0 0 0 0 0 0 0 0 0 0 0 0 0 0 0 0 0 0 0 0 0 0 0 0 0 0 0 0 0 0 0 0 0 0 0 0 0 0 0 0 0 0 0 0 0 0 0 0 0 0 0 0 0 0 0 0 0 0 0 0 0 0 0 0 0 0 0 0 0 0 0 0 0 0 0 0 0 0 0 0 0 0 0 0 0 0 0 0 0 0 0 0 0 0 0 0 0 0 0 0 0 0 0 0 0 0 0
1 a* 1 1 0
2 a* 1 1 0
3 a* 1 1 0
4 a* 1 1 0
5 a* 1 1 0
6 a* 1 1 0
7 a* 1 1 0
8 a* 1 1 0
9 a* 1 1 0
10 a* 1 1 0
11 a* 1 1 0
12 a* 1 1 0
13 a* 1 1 0
14 a* 1 1 0
15 a* 1 1 0
16 a* 1 1 0
17 a* 1 1 0
18 a* 1 1 0
19 a* 1 1 0
20 a* 1 1 0
21 a* 1 1 0
22 a* 1 1 0
23 a* 1 1 0
24 a* 1 1 0
25 a* 1 1 0
26 a* 1 1 0
27 a* 1 1 0
28 a* 1 1 0
29 a* 1 1 0
30 a* 1 1 0
31 a* 1 1 0
32 a* 1 1 0
33 a* 1 1 0
34 a* 1 1 0
35 a* 1 1 0
36 a* 1 1 0
37 a* 1 1 0
38 a* 1 1 0
39 a* 1 1 0
40 a* 1 1 0
41 a* 1 1 0
42 a* 1 1 0
43 a* 1 1 0
44 a* 1 1 0
45 a* 1 1 0
46 a* 1 1 0
47 a* 1 1 0
48 a* 1 1 0
49 a* 1 1 0
50 a* 1 1 0
51 a* 1 1 0
52 a* 1 1 0
53 a* 1 1 0
54 a* 1 1 0
55 a* 1 1 0
56 a* 1 1 0
57 a* 1 1 0
58 a* 1 1 0
59 a* 1 1 0
60 a* 1 1 0
61 a* 1 1 0
62 a* 1 1 0
63 a* 1 1 0
64 a* 1 1 0
65 a^64 64 1 0
65 a^63 63 0 0
65 a^62 62 0 0
65 a^61 61 0 0
65 a^60 60 0 0
65 a^59 59 0 0
65 a^58 58 0 0
65 a^57 57 0 0
65 a^56 56 0 0
65 a^55 55 0 0
65 a^54 54 0 0
65 a^53 53 0 0
65 a^52 52 0 0
65 a^51 51 0 0
65 a^50 50 0 0
65 a^49 49 0 0
65 a^48 48 0 0
65 a^47 47 0 0
65 a^46 46 0 0
65 a^45 45 0 0
65 a^44 44 0 0
65 a^43 43 0 0
65 a^42 42 0 0
65 a^41 41 0 0
65 a^40 40 0 0
65 a^39 39 0 0
65 a^38 38 0 0
65 a^37 37 0 0
65 a^36 36 0 0
65 a^35 35 0 0
65 a^34 34 0 0
65 a^33 33 0 0
65 a^32 32 0 0
65 a^31 31 0 0
65 a^30 30 0 0
65 a^29 29 0 0
65 a^28 28 0 0
65 a^27 27 0 0
65 a^26 26 0 0
65 a^25 25 0 0
65 a^24 24 0 0
65 a^23 23 0 0
65 a^22 22 0 0
65 a^21 21 0 0
65 a^20 20 0 0
65 a^19 19 0 0
65 a^18 18 0 0
65 a^17 17 0 0
65 a^16 16 0 0
65 a^15 15 0 0
65 a^14 14 0 0
65 a^13 13 0 0
65 a^12 12 0 0
65 a^11 11 0 0
65 a^10 10 0 0
65 a^9 9 0 0
65 a^8 8 0 0
65 a^7 7 0 0
65 a^6 6 0 0
65 a^5 5 0 0
65 a^4 4 0 0
65 a^3 3 0 0
65 a^2 2 0 0
65 a 1 0 0
66 a^64 64 0 0
66 a^63 63 1 0
66 a^62 62 0 0
66 a^61 61 0 0
66 a^60 60 0 0
66 a^59 59 0 0
66 a^58 58 0 0
66 a^57 57 0 0
66 a^56 56 0 0
66 a^55 55 0 0
66 a^54 54 0 0
66 a^53 53 0 0
66 a^52 52 0 0
66 a^51 51 0 0
66 a^50 50 0 0
66 a^49 49 0 0
66 a^48 48 0 0
66 a^47 47 0 0
66 a^46 46 0 0
66 a^45 45 0 0
66 a^44 44 0 0
66 a^43 43 0 0
66 a^42 42 0 0
66 a^41 41 0 0
66 a^40 40 0 0
66 a^39 39 0 0
66 a^38 38 0 0
66 a^37 37 0 0
66 a^36 36 0 0
66 a^35 35 0 0
66 a^34 34 0 0
66 a^33 33 0 0
66 a^32 32 0 0
66 a^31 31 0 0
66 a^30 30 0 0
66 a^29 29 0 0
66 a^28 28 0 0
66 a^27 27 0 0
66 a^26 26 0 0
66 a^25 25 0 0
66 a^24 24 0 0
66 a^23 23 0 0
66 a^22 22 0 0
66 a^21 21 0 0
66 a^20 20 0 0
66 a^19 19 0 0
66 a^18 18 0 0
66 a^17 17 0 0
66 a^16 16 0 0
66 a^15 15 0 0
66 a^14 14 0 0
66 a^13 13 0 0
66 a^12 12 0 0
66 a^11 11 0 0
66 a^10 10 0 0
66 a^9 9 0 0
66 a^8 8 0 0
66 a^7 7 0 0
66 a^6 6 0 0
66 a^5 5 0 0
66 a^4 4 0 0
66 a^3 3 0 0
66 a^2 2 0 0
66 a 1 0 0
67 a^64 64 0 0
67 a^63 63 0 0
67 a^62 62 1 0
67 a^61 61 0 0
67 a^60 60 0 0
67 a^59 59 0 0
67 a^58 58 0 0
67 a^57 57 0 0
67 a^56 56 0 0
67 a^55 55 0 0
67 a^54 54 0 0
67 a^53 53 0 0
67 a^52 52 0 0
67 a^51 51 0 0
67 a^50 50 0 0
67 a^49 49 0 0
67 a^48 48 0 0
67 a^47 47 0 0
67 a^46 46 0 0
67 a^45 45 0 0
67 a^44 44 0 0
67 a^43 43 0 0
67 a^42 42 0 0
67 a^41 41 0 0
67 a^40 40 0 0
67 a^39 39 0 0
67 a^38 38 0 0
67 a^37 37 0 0
67 a^36 36 0 0
67 a^35 35 0 0
67 a^34 34 0 0
67 a^33 33 0 0
67 a^32 32 0 0
67 a^31 31 0 0
67 a^30 30 0 0
67 a^29 29 0 0
67 a^28 28 0 0
67 a^27 27 0 0
67 a^26 26 0 0
67 a^25 25 0 0
67 a^24 24 0 0
67 a^23 23 0 0
67 a^22 22 0 0
67 a^21 21 0 0
67 a^20 20 0 0
67 a^19 19 0 0
67 a^18 18 0 0
67 a^17 17 0 0
67 a^16 16 0 0
67 a^15 15 0 0
67 a^14 14 0 0
67 a^13 13 0 0
67 a^12 12 0 0
67 a^11 11 0 0
67 a^10 10 0 0
67 a^9 9 0 0
67 a^8 8 0 0
67 a^7 7 0 0
67 a^6 6 0 0
67 a^5 5 0 0
67 a^4 4 0 0
67 a^3 3 0 0
67 a^2 2 0 0
67 a 1 0 0
68 a^64 64 0 0
68 a^63 63 0 0
68 a^62 62 0 0
68 a^61 61 1 0
68 a^60 60 0 0
68 a^59 59 0 0
68 a^58 58 0 0
68 a^57 57 0 0
68 a^56 56 0 0
68 a^55 55 0 0
68 a^54 54 0 0
68 a^53 53 0 0
68 a^52 52 0 0
68 a^51 51 0 0
68 a^50 50 0 0
68 a^49 49 0 0
68 a^48 48 0 0
68 a^47 47 0 0
68 a^46 46 0 0
68 a^45 45 0 0
68 a^44 44 0 0
68 a^43 43 0 0
68 a^42 42 0 0
68 a^41 41 0 0
68 a^40 40 0 0
68 a^39 39 0 0
68 a^38 38 0 0
68 a^37 37 0 0
68 a^36 36 0 0
68 a^35 35 0 0
68 a^34 34 0 0
68 a^33 33 0 0
68 a^32 32 0 0
68 a^31 31 0 0
68 a^30 30 0 0
68 a^29 29 0 0
68 a^28 28 0 0
68 a^27 27 0 0
68 a^26 26 0 0
68 a^25 25 0 0
68 a^24 24 0 0
68 a^23 23 0 0
68 a^22 22 0 0
68 a^21 21 0 0
68 a^20 20 0 0
68 a^19 19 0 0
68 a^18 18 0 0
68 a^17 17 0 0
68 a^16 16 0 0
68 a^15 15 0 0
68 a^14 14 0 0
68 a^13 13 0 0
68 a^12 12 0 0
68 a^11 11 0 0
68 a^10 10 0 0
68 a^9 9 0 0
68 a^8 8 0 0
68 a^7 7 0 0
68 a^6 6 0 0
68 a^5 5 0 0
68 a^4 4 0 0
68 a^3 3 0 0
68 a^2 2 0 0
68 a 1 0 0
69 a^64 64 0 0
69 a^63 63 0 0
69 a^62 62 0 0
69 a^61 61 0 0
69 a^60 60 1 0
69 a^59 59 0 0
69 a^58 58 0 0
69 a^57 57 0 0
69 a^56 56 0 0
69 a^55 55 0 0
69 a^54 54 0 0
69 a^53 53 0 0
69 a^52 52 0 0
69 a^51 51 0 0
69 a^50 50 0 0
69 a^49 49 0 0
69 a^48 48 0 0
69 a^47 47 0 0
69 a^46 46 0 0
69 a^45 45 0 0
69 a^44 44 0 0
69 a^43 43 0 0
69 a^42 42 0 0
69 a^41 41 0 0
69 a^40 40 0 0
69 a^39 39 0 0
69 a^38 38 0 0
69 a^37 37 0 0
69 a^36 36 0 0
69 a^35 35 0 0
69 a^34 34 0 0
69 a^33 33 0 0
69 a^32 32 0 0
69 a^31 31 0 0
69 a^30 30 0 0
69 a^29 29 0 0
69 a^28 28 0 0
69 a^27 27 0 0
69 a^26 26 0 0
69 a^25 25 0 0
69 a^24 24 0 0
69 a^23 23 0 0
69 a^22 22 0 0
69 a^21 21 0 0
69 a^20 20 0 0
69 a^19 19 0 0
69 a^18 18 0 0
69 a^17 17 0 0
69 a^16 16 0 0
69 a^15 15 0 0
69 a^14 14 0 0
69 a^13 13 0 0
69 a^12 12 0 0
69 a^11 11 0 0
69 a^10 10 0 0
69 a^9 9 0 0
69 a^8 8 0 0
69 a^7 7 0 0
69 a^6 6 0 0
69 a^5 5 0 0
69 a^4 4 0 0
69 a^3 3 0 0
69 a^2 2 0 0
69 a 1 0 0
70 a^64 64 0 0
70 a^63 63 0 0
70 a^62 62 0 0
70 a^61 61 0 0
70 a^60 60 0 0
70 a^59 59 1 0
70 a^58 58 0 0
70 a^57 57 0 0
70 a^56 56 0 0
70 a^55 55 0 0
70 a^54 54 0 0
70 a^53 53 0 0
70 a^52 52 0 0
70 a^51 51 0 0
70 a^50 50 0 0
70 a^49 49 0 0
70 a^48 48 0 0
70 a^47 47 0 0
70 a^46 46 0 0
70 a^45 45 0 0
70 a^44 44 0 0
70 a^43 43 0 0
70 a^42 42 0 0
70 a^41 41 0 0
70 a^40 40 0 0
70 a^39 39 0 0
70 a^38 38 0 0
70 a^37 37 0 0
70 a^36 36 0 0
70 a^35 35 0 0
70 a^34 34 0 0
70 a^33 33 0 0
70 a^32 32 0 0
70 a^31 31 0 0
70 a^30 30 0 0
70 a^29 29 0 0
70 a^28 28 0 0
70 a^27 27 0 0
70 a^26 26 0 0
70 a^25 25 0 0
70 a^24 24 0 0
70 a^23 23 0 0
70 a^22 22 0 0
70 a^21 21 0 0
70 a^20 20 0 0
70 a^19 19 0 0
70 a^18 18 0 0
70 a^17 17 0 0
70 a^16 16 0 0
70 a^15 15 0 0
70 a^14 14 0 0
70 a^13 13 0 0
70 a^12 12 0 0
70 a^11 11 0 0
70 a^10 10 0 0
70 a^9 9 0 0
70 a^8 8 0 0
70 a^7 7 0 0
70 a^6 6 0 0
70 a^5 5 0 0
70 a^4 4 0 0
70 a^3 3 0 0
70 a^2 2 0 0
70 a 1 0 0
71 a^64 64 0 0
71 a^63 63 0 0
71 a^62 62 0 0
71 a^61 61 0 0
71 a^60 60 0 0
71 a^59 59 0 0
71 a^58 58 1 0
71 a^57 57 0 0
71 a^56 56 0 0
71 a^55 55 0 0
71 a^54 54 0 0
71 a^53 53 0 0
71 a^52 52 0 0
71 a^51 51 0 0
71 a^50 50 0 0
71 a^49 49 0 0
71 a^48 48 0 0
71 a^47 47 0 0
71 a^46 46 0 0
71 a^45 45 0 0
71 a^44 44 0 0
71 a^43 43 0 0
71 a^42 42 0 0
71 a^41 41 0 0
71 a^40 40 0 0
71 a^39 39 0 0
71 a^38 38 0 0
71 a^37 37 0 0
71 a^36 36 0 0
71 a^35 35 0 0
71 a^34 34 0 0
71 a^33 33 0 0
71 a^32 32 0 0
71 a^31 31 0 0
71 a^30 30 0 0
71 a^29 29 0 0
71 a^28 28 0 0
71 a^27 27 0 0
71 a^26 26 0 0
71 a^25 25 0 0
71 a^24 24 0 0
71 a^23 23 0 0
71 a^22 22 0 0
71 a^21 21 0 0
71 a^20 20 0 0
71 a^19 19 0 0
71 a^18 18 0 0
71 a^17 17 0 0
71 a^16 16 0 0
71 a^15 15 0 0
71 a^14 14 0 0
71 a^13 13 0 0
71 a^12 12 0 0
71 a^11 11 0 0
71 a^10 10 0 0
71 a^9 9 0 0
71 a^8 8 0 0
71 a^7 7 0 0
71 a^6 6 0 0
71 a^5 5 0 0
71 a^4 4 0 0
71 a^3 3 0 0
71 a^2 2 0 0
71 a 1 0 0
72 a^64 64 0 0
72 a^63 63 0 0
72 a^62 62 0 0
72 a^61 61 0 0
72 a^60 60 0 0
72 a^59 59 0 0
72 a^58 58 0 0
72 a^57 57 1 0
72 a^56 56 0 0
72 a^55 55 0 0
72 a^54 54 0 0
72 a^53 53 0 0
72 a^52 52 0 0
72 a^51 51 0 0
72 a^50 50 0 0
72 a^49 49 0 0
72 a^48 48 0 0
72 a^47 47 0 0
72 a^46 46 0 0
72 a^45 45 0 0
72 a^44 44 0 0
72 a^43 43 0 0
72 a^42 42 0 0
72 a^41 41 0 0
72 a^40 40 0 0
72 a^39 39 0 0
72 a^38 38 0 0
72 a^37 37 0 0
72 a^36 36 0 0
72 a^35 35 0 0
72 a^34 34 0 0
72 a^33 33 0 0
72 a^32 32 0 0
72 a^31 31 0 0
72 a^30 30 0 0
72 a^29 29 0 0
72 a^28 28 0 0
72 a^27 27 0 0
72 a^26 26 0 0
72 a^25 25 0 0
72 a^24 24 0 0
72 a^23 23 0 0
72 a^22 22 0 0
72 a^21 21 0 0
72 a^20 20 0 0
72 a^19 19 0 0
72 a^18 18 0 0
72 a^17 17 0 0
72 a^16 16 0 0
72 a^15 15 0 0
72 a^14 14 0 0
72 a^13 13 0 0
72 a^12 12 0 0
72 a^11 11 0 0
72 a^10 10 0 0
72 a^9 9 0 0
72 a^8 8 0 0
72 a^7 7 0 0
72 a^6 6 0 0
72 a^5 5 0 0
72 a^4 4 0 0
72 a^3 3 0 0
72 a^2 2 0 0
72 a 1 0 0
73 a^64 64 0 0
73 a^63 63 0 0
73 a^62 62 0 0
73 a^61 61 0 0
73 a^60 60 0 0
73 a^59 59 0 0
73 a^58 58 0 0
73 a^57 57 0 0
73 a^56 56 1 0
73 a^55 55 0 0
73 a^54 54 0 0
73 a^53 53 0 0
73 a^52 52 0 0
73 a^51 51 0 0
73 a^50 50 0 0
73 a^49 49 0 0
73 a^48 48 0 0
73 a^47 47 0 0
73 a^46 46 0 0
73 a^45 45 0 0
73 a^44 44 0 0
73 a^43 43 0 0
73 a^42 42 0 0
73 a^41 41 0 0
73 a^40 40 0 0
73 a^39 39 0 0
73 a^38 38 0 0
73 a^37 37 0 0
73 a^36 36 0 0
73 a^35 35 0 0
73 a^34 34 0 0
73 a^33 33 0 0
73 a^32 32 0 0
73 a^31 31 0 0
73 a^30 30 0 0
73 a^29 29 0 0
73 a^28 28 0 0
73 a^27 27 0 0
73 a^26 26 0 0
73 a^25 25 0 0
73 a^24 24 0 0
73 a^23 23 0 0
73 a^22 22 0 0
73 a^21 21 0 0
73 a^20 20 0 0
73 a^19 19 0 0
73 a^18 18 0 0
73 a^17 17 0 0
73 a^16 16 0 0
73 a^15 15 0 0
73 a^14 14 0 0
73 a^13 13 0 0
73 a^12 12 0 0
73 a^11 11 0 0
73 a^10 10 0 0
73 a^9 9 0 0
73 a^8 8 0 0
73 a^7 7 0 0
73 a^6 6 0 0
73 a^5 5 0 0
73 a^4 4 0 0
73 a^3 3 0 0
73 a^2 2 0 0
73 a 1 0 0
74 a^64 64 0 0
74 a^63 63 0 0
74 a^62 62 0 0
74 a^61 61 0 0
74 a^60 60 0 0
74 a^59 59 0 0
74 a^58 58 0 0
74 a^57 57 0 0
74 a^56 56 0 0
74 a^55 55 1 0
74 a^54 54 0 0
74 a^53 53 0 0
74 a^52 52 0 0
74 a^51 51 0 0
74 a^50 50 0 0
74 a^49 49 0 0
74 a^48 48 0 0
74 a^47 47 0 0
74 a^46 46 0 0
74 a^45 45 0 0
74 a^44 44 0 0
74 a^43 43 0 0
74 a^42 42 0 0
74 a^41 41 0 0
74 a^40 40 0 0
74 a^39 39 0 0
74 a^38 38 0 0
74 a^37 37 0 0
74 a^36 36 0 0
74 a^35 35 0 0
74 a^34 34 0 0
74 a^33 33 0 0
74 a^32 32 0 0
74 a^31 31 0 0
74 a^30 30 0 0
74 a^29 29 0 0
74 a^28 28 0 0
74 a^27 27 0 0
74 a^26 26 0 0
74 a^25 25 0 0
74 a^24 24 0 0
74 a^23 23 0 0
74 a^22 22 0 0
74 a^21 21 0 0
74 a^20 20 0 0
74 a^19 19 0 0
74 a^18 18 0 0
74 a^17 17 0 0
74 a^16 16 0 0
74 a^15 15 0 0
74 a^14 14 0 0
74 a^13 13 0 0
74 a^12 12 0 0
74 a^11 11 0 0
74 a^10 10 0 0
74 a^9 9 0 0
74 a^8 8 0 0
74 a^7 7 0 0
74 a^6 6 0 0
74 a^5 5 0 0
74 a^4 4 0 0
74 a^3 3 0 0
74 a^2 2 0 0
74 a 1 0 0
75 a^64 64 0 0
75 a^63 63 0 0
75 a^62 62 0 0
75 a^61 61 0 0
75 a^60 60 0 0
75 a^59 59 0 0
75 a^58 58 0 0
75 a^57 57 0 0
75 a^56 56 0 0
75 a^55 55 0 0
75 a^54 54 1 0
75 a^53 53 0 0
75 a^52 52 0 0
75 a^51 51 0 0
75 a^50 50 0 0
75 a^49 49 0 0
75 a^48 48 0 0
75 a^47 47 0 0
75 a^46 46 0 0
75 a^45 45 0 0
75 a^44 44 0 0
75 a^43 43 0 0
75 a^42 42 0 0
75 a^41 41 0 0
75 a^40 40 0 0
75 a^39 39 0 0
75 a^38 38 0 0
75 a^37 37 0 0
75 a^36 36 0 0
75 a^35 35 0 0
75 a^34 34 0 0
75 a^33 33 0 0
75 a^32 32 0 0
75 a^31 31 0 0
75 a^30 30 0 0
75 a^29 29 0 0
75 a^28 28 0 0
75 a^27 27 0 0
75 a^26 26 0 0
75 a^25 25 0 0
75 a^24 24 0 0
75 a^23 23 0 0
75 a^22 22 0 0
75 a^21 21 0 0
75 a^20 20 0 0
75 a^19 19 0 0
75 a^18 18 0 0
75 a^17 17 0 0
75 a^16 16 0 0
75 a^15 15 0 0
75 a^14 14 0 0
75 a^13 13 0 0
75 a^12 12 0 0
75 a^11 11 0 0
75 a^10 10 0 0
75 a^9 9 0 0
75 a^8 8 0 0
75 a^7 7 0 0
75 a^6 6 0 0
75 a^5 5 0 0
75 a^4 4 0 0
75 a^3 3 0 0
75 a^2 2 0 0
75 a 1 0 0
76 a^64 64 0 0
76 a^63 63 0 0
76 a^62 62 0 0
76 a^61 61 0 0
76 a^60 60 0 0
76 a^59 59 0 0
76 a^58 58 0 0
76 a^57 57 0 0
76 a^56 56 0 0
76 a^55 55 0 0
76 a^54 54 0 0
76 a^53 53 1 0
76 a^52 52 0 0
76 a^51 51 0 0
76 a^50 50 0 0
76 a^49 49 0 0
76 a^48 48 0 0
76 a^47 47 0 0
76 a^46 46 0 0
76 a^45 45 0 0
76 a^44 44 0 0
76 a^43 43 0 0
76 a^42 42 0 0
76 a^41 41 0 0
76 a^40 40 0 0
76 a^39 39 0 0
76 a^38 38 0 0
76 a^37 37 0 0
76 a^36 36 0 0
76 a^35 35 0 0
76 a^34 34 0 0
76 a^33 33 0 0
76 a^32 32 0 0
76 a^31 31 0 0
76 a^30 30 0 0
76 a^29 29 0 0
76 a^28 28 0 0
76 a^27 27 0 0
76 a^26 26 0 0
76 a^25 25 0 0
76 a^24 24 0 0
76 a^23 23 0 0
76 a^22 22 0 0
76 a^21 21 0 0
76 a^20 20 0 0
76 a^19 19 0 0
76 a^18 18 0 0
76 a^17 17 0 0
76 a^16 16 0 0
76 a^15 15 0 0
76 a^14 14 0 0
76 a^13 13 0 0
76 a^12 12 0 0
76 a^11 11 0 0
76 a^10 10 0 0
76 a^9 9 0 0
76 a^8 8 0 0
76 a^7 7 0 0
76 a^6 6 0 0
76 a^5 5 0 0
76 a^4 4 0 0
76 a^3 3 0 0
76 a^2 2 0 0
76 a 1 0 0
77 a^64 64 0 0
77 a^63 63 0 0
77 a^62 62 0 0
77 a^61 61 0 0
77 a^60 60 0 0
77 a^59 59 0 0
77 a^58 58 0 0
77 a^57 57 0 0
77 a^56 56 0 0
77 a^55 55 0 0
77 a^54 54 0 0
77 a^53 53 0 0
77 a^52 52 1 0
77 a^51 51 0 0
77 a^50 50 0 0
77 a^49 49 0 0
77 a^48 48 0 0
77 a^47 47 0 0
77 a^46 46 0 0
77 a^45 45 0 0
77 a^44 44 0 0
77 a^43 43 0 0
77 a^42 42 0 0
77 a^41 41 0 0
77 a^40 40 0 0
77 a^39 39 0 0
77 a^38 38 0 0
77 a^37 37 0 0
77 a^36 36 0 0
77 a^35 35 0 0
77 a^34 34 0 0
77 a^33 33 0 0
77 a^32 32 0 0
77 a^31 31 0 0
77 a^30 30 0 0
77 a^29 29 0 0
77 a^28 28 0 0
77 a^27 27 0 0
77 a^26 26 0 0
77 a^25 25 0 0
77 a^24 24 0 0
77 a^23 23 0 0
77 a^22 22 0 0
77 a^21 21 0 0
77 a^20 20 0 0
77 a^19 19 0 0
77 a^18 18 0 0
77 a^17 17 0 0
77 a^16 16 0 0
77 a^15 15 0 0
77 a^14 14 0 0
77 a^13 13 0 0
77 a^12 12 0 0
77 a^11 11 0 0
77 a^10 10 0 0
77 a^9 9 0 0
77 a^8 8 0 0
77 a^7 7 0 0
77 a^6 6 0 0
77 a^5 5 0 0
77 a^4 4 0 0
77 a^3 3 0 0
77 a^2 2 0 0
77 a 1 0 0
78 a^64 64 0 0
78 a^63 63 0 0
78 a^62 62 0 0
78 a^61 61 0 0
78 a^60 60 0 0
78 a^59 59 0 0
78 a^58 58 0 0
78 a^57 57 0 0
78 a^56 56 0 0
78 a^55 55 0 0
78 a^54 54 0 0
78 a^53 53 0 0
78 a^52 52 0 0
78 a^51 51 1 0
78 a^50 50 0 0
78 a^49 49 0 0
78 a^48 48 0 0
78 a^47 47 0 0
78 a^46 46 0 0
78 a^45 45 0 0
78 a^44 44 0 0
78 a^43 43 0 0
78 a^42 42 0 0
78 a^41 41 0 0
78 a^40 40 0 0
78 a^39 39 0 0
78 a^38 38 0 0
78 a^37 37 0 0
78 a^36 36 0 0
78 a^35 35 0 0
78 a^34 34 0 0
78 a^33 33 0 0
78 a^32 32 0 0
78 a^31 31 0 0
78 a^30 30 0 0
78 a^29 29 0 0
78 a^28 28 0 0
78 a^27 27 0 0
78 a^26 26 0 0
78 a^25 25 0 0
78 a^24 24 0 0
78 a^23 23 0 0
78 a^22 22 0 0
78 a^21 21 0 0
78 a^20 20 0 0
78 a^19 19 0 0
78 a^18 18 0 0
78 a^17 17 0 0
78 a^16 16 0 0
78 a^15 15 0 0
78 a^14 14 0 0
78 a^13 13 0 0
78 a^12 12 0 0
78 a^11 11 0 0
78 a^10 10 0 0
78 a^9 9 0 0
78 a^8 8 0 0
78 a^7 7 0 0
78 a^6 6 0 0
78 a^5 5 0 0
78 a^4 4 0 0
78 a^3 3 0 0
78 a^2 2 0 0
78 a 1 0 0
79 a^64 64 0 0
79 a^63 63 0 0
79 a^62 62 0 0
79 a^61 61 0 0
79 a^60 60 0 0
79 a^59 59 0 0
79 a^58 58 0 0
79 a^57 57 0 0
79 a^56 56 0 0
79 a^55 55 0 0
79 a^54 54 0 0
79 a^53 53 0 0
79 a^52 52 0 0
79 a^51 51 0 0
79 a^50 50 1 0
79 a^49 49 0 0
79 a^48 48 0 0
79 a^47 47 0 0
79 a^46 46 0 0
79 a^45 45 0 0
79 a^44 44 0 0
79 a^43 43 0 0
79 a^42 42 0 0
79 a^41 41 0 0
79 a^40 40 0 0
79 a^39 39 0 0
79 a^38 38 0 0
79 a^37 37 0 0
79 a^36 36 0 0
79 a^35 35 0 0
79 a^34 34 0 0
79 a^33 33 0 0
79 a^32 32 0 0
79 a^31 31 0 0
79 a^30 30 0 0
79 a^29 29 0 0
79 a^28 28 0 0
79 a^27 27 0 0
79 a^26 26 0 0
79 a^25 25 0 0
79 a^24 24 0 0
79 a^23 23 0 0
79 a^22 22 0 0
79 a^21 21 0 0
79 a^20 20 0 0
79 a^19 19 0 0
79 a^18 18 0 0
79 a^17 17 0 0
79 a^16 16 0 0
79 a^15 15 0 0
79 a^14 14 0 0
79 a^13 13 0 0
79 a^12 12 0 0
79 a^11 11 0 0
79 a^10 10 0 0
79 a^9 9 0 0
79 a^8 8 0 0
79 a^7 7 0 0
79 a^6 6 0 0
79 a^5 5 0 0
79 a^4 4 0 0
79 a^3 3 0 0
79 a^2 2 0 0
79 a 1 0 0
80 a^64 64 0 0
80 a^63 63 0 0
80 a^62 62 0 0
80 a^61 61 0 0
80 a^60 60 0 0
80 a^59 59 0 0
80 a^58 58 0 0
80 a^57 57 0 0
80 a^56 56 0 0
80 a^55 55 0 0
80 a^54 54 0 0
80 a^53 53 0 0
80 a^52 52 0 0
80 a^51 51 0 0
80 a^50 50 0 0
80 a^49 49 1 0
80 a^48 48 0 0
80 a^47 47 0 0
80 a^46 46 0 0
80 a^45 45 0 0
80 a^44 44 0 0
80 a^43 43 0 0
80 a^42 42 0 0
80 a^41 41 0 0
80 a^40 40 0 0
80 a^39 39 0 0
80 a^38 38 0 0
80 a^37 37 0 0
80 a^36 36 0 0
80 a^35 35 0 0
80 a^34 34 0 0
80 a^33 33 0 0
80 a^32 32 0 0
80 a^31 31 0 0
80 a^30 30 0 0
80 a^29 29 0 0
80 a^28 28 0 0
80 a^27 27 0 0
80 a^26 26 0 0
80 a^25 25 0 0
80 a^24 24 0 0
80 a^23 23 0 0
80 a^22 22 0 0
80 a^21 21 0 0
80 a^20 20 0 0
80 a^19 19 0 0
80 a^18 18 0 0
80 a^17 17 0 0
80 a^16 16 0 0
80 a^15 15 0 0
80 a^14 14 0 0
80 a^13 13 0 0
80 a^12 12 0 0
80 a^11 11 0 0
80 a^10 10 0 0
80 a^9 9 0 0
80 a^8 8 0 0
80 a^7 7 0 0
80 a^6 6 0 0
80 a^5 5 0 0
80 a^4 4 0 0
80 a^3 3 0 0
80 a^2 2 0 0
80 a 1 0 0
81 a^64 64 0 0
81 a^63 63 0 0
81 a^62 62 0 0
81 a^61 61 0 0
81 a^60 60 0 0
81 a^59 59 0 0
81 a^58 58 0 0
81 a^57 57 0 0
81 a^56 56 0 0
81 a^55 55 0 0
81 a^54 54 0 0
81 a^53 53 0 0
81 a^52 52 0 0
81 a^51 51 0 0
81 a^50 50 0 0
81 a^49 49 0 0
81 a^48 48 1 0
81 a^47 47 0 0
81 a^46 46 0 0
81 a^45 45 0 0
81 a^44 44 0 0
81 a^43 43 0 0
81 a^42 42 0 0
81 a^41 41 0 0
81 a^40 40 0 0
81 a^39 39 0 0
81 a^38 38 0 0
81 a^37 37 0 0
81 a^36 36 0 0
81 a^35 35 0 0
81 a^34 34 0 0
81 a^33 33 0 0
81 a^32 32 0 0
81 a^31 31 0 0
81 a^30 30 0 0
81 a^29 29 0 0
81 a^28 28 0 0
81 a^27 27 0 0
81 a^26 26 0 0
81 a^25 25 0 0
81 a^24 24 0 0
81 a^23 23 0 0
81 a^22 22 0 0
81 a^21 21 0 0
81 a^20 20 0 0
81 a^19 19 0 0
81 a^18 18 0 0
81 a^17 17 0 0
81 a^16 16 0 0
81 a^15 15 0 0
81 a^14 14 0 0
81 a^13 13 0 0
81 a^12 12 0 0
81 a^11 11 0 0
81 a^10 10 0 0
81 a^9 9 0 0
81 a^8 8 0 0
81 a^7 7 0 0
81 a^6 6 0 0
81 a^5 5 0 0
81 a^4 4 0 0
81 a^3 3 0 0
81 a^2 2 0 0
81 a 1 0 0
82 a^64 64 0 0
82 a^63 63 0 0
82 a^62 62 0 0
82 a^61 61 0 0
82 a^60 60 0 0
82 a^59 59 0 0
82 a^58 58 0 0
82 a^57 57 0 0
82 a^56 56 0 0
82 a^55 55 0 0
82 a^54 54 0 0
82 a^53 53 0 0
82 a^52 52 0 0
82 a^51 51 0 0
82 a^50 50 0 0
82 a^49 49 0 0
82 a^48 48 0 0
82 a^47 47 1 0
82 a^46 46 0 0
82 a^45 45 0 0
82 a^44 44 0 0
82 a^43 43 0 0
82 a^42 42 0 0
82 a^41 41 0 0
82 a^40 40 0 0
82 a^39 39 0 0
82 a^38 38 0 0
82 a^37 37 0 0
82 a^36 36 0 0
82 a^35 35 0 0
82 a^34 34 0 0
82 a^33 33 0 0
82 a^32 32 0 0
82 a^31 31 0 0
82 a^30 30 0 0
82 a^29 29 0 0
82 a^28 28 0 0
82 a^27 27 0 0
82 a^26 26 0 0
82 a^25 25 0 0
82 a^24 24 0 0
82 a^23 23 0 0
82 a^22 22 0 0
82 a^21 21 0 0
82 a^20 20 0 0
82 a^19 19 0 0
82 a^18 18 0 0
82 a^17 17 0 0
82 a^16 16 0 0
82 a^15 15 0 0
82 a^14 14 0 0
82 a^13 13 0 0
82 a^12 12 0 0
82 a^11 11 0 0
82 a^10 10 0 0
82 a^9 9 0 0
82 a^8 8 0 0
82 a^7 7 0 0
82 a^6 6 0 0
82 a^5 5 0 0
82 a^4 4 0 0
82 a^3 3 0 0
82 a^2 2 0 0
82 a 1 0 0
83 a^64 64 0 0
83 a^63 63 0 0
83 a^62 62 0 0
83 a^61 61 0 0
83 a^60 60 0 0
83 a^59 59 0 0
83 a^58 58 0 0
83 a^57 57 0 0
83 a^56 56 0 0
83 a^55 55 0 0
83 a^54 54 0 0
83 a^53 53 0 0
83 a^52 52 0 0
83 a^51 51 0 0
83 a^50 50 0 0
83 a^49 49 0 0
83 a^48 48 0 0
83 a^47 47 0 0
83 a^46 46 1 0
83 a^45 45 0 0
83 a^44 44 0 0
83 a^43 43 0 0
83 a^42 42 0 0
83 a^41 41 0 0
83 a^40 40 0 0
83 a^39 39 0 0
83 a^38 38 0 0
83 a^37 37 0 0
83 a^36 36 0 0
83 a^35 35 0 0
83 a^34 34 0 0
83 a^33 33 0 0
83 a^32 32 0 0
83 a^31 31 0 0
83 a^30 30 0 0
83 a^29 29 0 0
83 a^28 28 0 0
83 a^27 27 0 0
83 a^26 26 0 0
83 a^25 25 0 0
83 a^24 24 0 0
83 a^23 23 0 0
83 a^22 22 0 0
83 a^21 21 0 0
83 a^20 20 0 0
83 a^19 19 0 0
83 a^18 18 0 0
83 a^17 17 0 0
83 a^16 16 0 0
83 a^15 15 0 0
83 a^14 14 0 0
83 a^13 13 0 0
83 a^12 12 0 0
83 a^11 11 0 0
83 a^10 10 0 0
83 a^9 9 0 0
83 a^8 8 0 0
83 a^7 7 0 0
83 a^6 6 0 0
83 a^5 5 0 0
83 a^4 4 0 0
83 a^3 3 0 0
83 a^2 2 0 0
83 a 1 0 0
84 a^64 64 0 0
84 a^63 63 0 0
84 a^62 62 0 0
84 a^61 61 0 0
84 a^60 60 0 0
84 a^59 59 0 0
84 a^58 58 0 0
84 a^57 57 0 0
84 a^56 56 0 0
84 a^55 55 0 0
84 a^54 54 0 0
84 a^53 53 0 0
84 a^52 52 0 0
84 a^51 51 0 0
84 a^50 50 0 0
84 a^49 49 0 0
84 a^48 48 0 0
84 a^47 47 0 0
84 a^46 46 0 0
84 a^45 45 1 0
84 a^44 44 0 0
84 a^43 43 0 0
84 a^42 42 0 0
84 a^41 41 0 0
84 a^40 40 0 0
84 a^39 39 0 0
84 a^38 38 0 0
84 a^37 37 0 0
84 a^36 36 0 0
84 a^35 35 0 0
84 a^34 34 0 0
84 a^33 33 0 0
84 a^32 32 0 0
84 a^31 31 0 0
84 a^30 30 0 0
84 a^29 29 0 0
84 a^28 28 0 0
84 a^27 27 0 0
84 a^26 26 0 0
84 a^25 25 0 0
84 a^24 24 0 0
84 a^23 23 0 0
84 a^22 22 0 0
84 a^21 21 0 0
84 a^20 20 0 0
84 a^19 19 0 0
84 a^18 18 0 0
84 a^17 17 0 0
84 a^16 16 0 0
84 a^15 15 0 0
84 a^14 14 0 0
84 a^13 13 0 0
84 a^12 12 0 0
84 a^11 11 0 0
84 a^10 10 0 0
84 a^9 9 0 0
84 a^8 8 0 0
84 a^7 7 0 0
84 a^6 6 0 0
84 a^5 5 0 0
84 a^4 4 0 0
84 a^3 3 0 0
84 a^2 2 0 0
84 a 1 0 0
85 a^64 64 0 0
85 a^63 63 0 0
85 a^62 62 0 0
85 a^61 61 0 0
85 a^60 60 0 0
85 a^59 59 0 0
85 a^58 58 0 0
85 a^57 57 0 0
85 a^56 56 0 0
85 a^55 55 0 0
85 a^54 54 0 0
85 a^53 53 0 0
85 a^52 52 0 0
85 a^51 51 0 0
85 a^50 50 0 0
85 a^49 49 0 0
85 a^48 48 0 0
85 a^47 47 0 0
85 a^46 46 0 0
85 a^45 45 0 0
85 a^44 44 1 0
85 a^43 43 0 0
85 a^42 42 0 0
85 a^41 41 0 0
85 a^40 40 0 0
85 a^39 39 0 0
85 a^38 38 0 0
85 a^37 37 0 0
85 a^36 36 0 0
85 a^35 35 0 0
85 a^34 34 0 0
85 a^33 33 0 0
85 a^32 32 0 0
85 a^31 31 0 0
85 a^30 30 0 0
85 a^29 29 0 0
85 a^28 28 0 0
85 a^27 27 0 0
85 a^26 26 0 0
85 a^25 25 0 0
85 a^24 24 0 0
85 a^23 23 0 0
85 a^22 22 0 0
85 a^21 21 0 0
85 a^20 20 0 0
85 a^19 19 0 0
85 a^18 18 0 0
85 a^17 17 0 0
85 a^16 16 0 0
85 a^15 15 0 0
85 a^14 14 0 0
85 a^13 13 0 0
85 a^12 12 0 0
85 a^11 11 0 0
85 a^10 10 0 0
85 a^9 9 0 0
85 a^8 8 0 0
85 a^7 7 0 0
85 a^6 6 0 0
85 a^5 5 0 0
85 a^4 4 0 0
85 a^3 3 0 0
85 a^2 2 0 0
85 a 1 0 0
86 a^64 64 0 0
86 a^63 63 0 0
86 a^62 62 0 0
86 a^61 61 0 0
86 a^60 60 0 0
86 a^59 59 0 0
86 a^58 58 0 0
86 a^57 57 0 0
86 a^56 56 0 0
86 a^55 55 0 0
86 a^54 54 0 0
86 a^53 53 0 0
86 a^52 52 0 0
86 a^51 51 0 0
86 a^50 50 0 0
86 a^49 49 0 0
86 a^48 48 0 0
86 a^47 47 0 0
86 a^46 46 0 0
86 a^45 45 0 0
86 a^44 44 0 0
86 a^43 43 1 0
86 a^42 42 0 0
86 a^41 41 0 0
86 a^40 40 0 0
86 a^39 39 0 0
86 a^38 38 0 0
86 a^37 37 0 0
86 a^36 36 0 0
86 a^35 35 0 0
86 a^34 34 0 0
86 a^33 33 0 0
86 a^32 32 0 0
86 a^31 31 0 0
86 a^30 30 0 0
86 a^29 29 0 0
86 a^28 28 0 0
86 a^27 27 0 0
86 a^26 26 0 0
86 a^25 25 0 0
86 a^24 24 0 0
86 a^23 23 0 0
86 a^22 22 0 0
86 a^21 21 0 0
86 a^20 20 0 0
86 a^19 19 0 0
86 a^18 18 0 0
86 a^17 17 0 0
86 a^16 16 0 0
86 a^15 15 0 0
86 a^14 14 0 0
86 a^13 13 0 0
86 a^12 12 0 0
86 a^11 11 0 0
86 a^10 10 0 0
86 a^9 9 0 0
86 a^8 8 0 0
86 a^7 7 0 0
86 a^6 6 0 0
86 a^5 5 0 0
86 a^4 4 0 0
86 a^3 3 0 0
86 a^2 2 0 0
86 a 1 0 0
87 a^64 64 0 0
87 a^63 63 0 0
87 a^62 62 0 0
87 a^61 61 0 0
87 a^60 60 0 0
87 a^59 59 0 0
87 a^58 58 0 0
87 a^57 57 0 0
87 a^56 56 0 0
87 a^55 55 0 0
87 a^54 54 0 0
87 a^53 53 0 0
87 a^52 52 0 0
87 a^51 51 0 0
87 a^50 50 0 0
87 a^49 49 0 0
87 a^48 48 0 0
87 a^47 47 0 0
87 a^46 46 0 0
87 a^45 45 0 0
87 a^44 44 0 0
87 a^43 43 0 0
87 a^42 42 1 0
87 a^41 41 0 0
87 a^40 40 0 0
87 a^39 39 0 0
87 a^38 38 0 0
87 a^37 37 0 0
87 a^36 36 0 0
87 a^35 35 0 0
87 a^34 34 0 0
87 a^33 33 0 0
87 a^32 32 0 0
87 a^31 31 0 0
87 a^30 30 0 0
87 a^29 29 0 0
87 a^28 28 0 0
87 a^27 27 0 0
87 a^26 26 0 0
87 a^25 25 0 0
87 a^24 24 0 0
87 a^23 23 0 0
87 a^22 22 0 0
87 a^21 21 0 0
87 a^20 20 0 0
87 a^19 19 0 0
87 a^18 18 0 0
87 a^17 17 0 0
87 a^16 16 0 0
87 a^15 15 0 0
87 a^14 14 0 0
87 a^13 13 0 0
87 a^12 12 0 0
87 a^11 11 0 0
87 a^10 10 0 0
87 a^9 9 0 0
87 a^8 8 0 0
87 a^7 7 0 0
87 a^6 6 0 0
87 a^5 5 0 0
87 a^4 4 0 0
87 a^3 3 0 0
87 a^2 2 0 0
87 a 1 0 0
88 a^64 64 0 0
88 a^63 63 0 0
88 a^62 62 0 0
88 a^61 61 0 0
88 a^60 60 0 0
88 a^59 59 0 0
88 a^58 58 0 0
88 a^57 57 0 0
88 a^56 56 0 0
88 a^55 55 0 0
88 a^54 54 0 0
88 a^53 53 0 0
88 a^52 52 0 0
88 a^51 51 0 0
88 a^50 50 0 0
88 a^49 49 0 0
88 a^48 48 0 0
88 a^47 47 0 0
88 a^46 46 0 0
88 a^45 45 0 0
88 a^44 44 0 0
88 a^43 43 0 0
88 a^42 42 0 0
88 a^41 41 1 0
88 a^40 40 0 0
88 a^39 39 0 0
88 a^38 38 0 0
88 a^37 37 0 0
88 a^36 36 0 0
88 a^35 35 0 0
88 a^34 34 0 0
88 a^33 33 0 0
88 a^32 32 0 0
88 a^31 31 0 0
88 a^30 30 0 0
88 a^29 29 0 0
88 a^28 28 0 0
88 a^27 27 0 0
88 a^26 26 0 0
88 a^25 25 0 0
88 a^24 24 0 0
88 a^23 23 0 0
88 a^22 22 0 0
88 a^21 21 0 0
88 a^20 20 0 0
88 a^19 19 0 0
88 a^18 18 0 0
88 a^17 17 0 0
88 a^16 16 0 0
88 a^15 15 0 0
88 a^14 14 0 0
88 a^13 13 0 0
88 a^12 12 0 0
88 a^11 11 0 0
88 a^10 10 0 0
88 a^9 9 0 0
88 a^8 8 0 0
88 a^7 7 0 0
88 a^6 6 0 0
88 a^5 5 0 0
88 a^4 4 0 0
88 a^3 3 0 0
88 a^2 2 0 0
88 a 1 0 0
89 a^64 64 0 0
89 a^63 63 0 0
89 a^62 62 0 0
89 a^61 61 0 0
89 a^60 60 0 0
89 a^59 59 0 0
89 a^58 58 0 0
89 a^57 57 0 0
89 a^56 56 0 0
89 a^55 55 0 0
89 a^54 54 0 0
89 a^53 53 0 0
89 a^52 52 0 0
89 a^51 51 0 0
89 a^50 50 0 0
89 a^49 49 0 0
89 a^48 48 0 0
89 a^47 47 0 0
89 a^46 46 0 0
89 a^45 45 0 0
89 a^44 44 0 0
89 a^43 43 0 0
89 a^42 42 0 0
89 a^41 41 0 0
89 a^40 40 1 0
89 a^39 39 0 0
89 a^38 38 0 0
89 a^37 37 0 0
89 a^36 36 0 0
89 a^35 35 0 0
89 a^34 34 0 0
89 a^33 33 0 0
89 a^32 32 0 0
89 a^31 31 0 0
89 a^30 30 0 0
89 a^29 29 0 0
89 a^28 28 0 0
89 a^27 27 0 0
89 a^26 26 0 0
89 a^25 25 0 0
89 a^24 24 0 0
89 a^23 23 0 0
89 a^22 22 0 0
89 a^21 21 0 0
89 a^20 20 0 0
89 a^19 19 0 0
89 a^18 18 0 0
89 a^17 17 0 0
89 a^16 16 0 0
89 a^15 15 0 0
89 a^14 14 0 0
89 a^13 13 0 0
89 a^12 12 0 0
89 a^11 11 0 0
89 a^10 10 0 0
89 a^9 9 0 0
89 a^8 8 0 0
89 a^7 7 0 0
89 a^6 6 0 0
89 a^5 5 0 0
89 a^4 4 0 0
89 a^3 3 0 0
89 a^2 2 0 0
89 a 1 0 0
90 a^64 64 0 0
90 a^63 63 0 0
90 a^62 62 0 0
90 a^61 61 0 0
90 a^60 60 0 0
90 a^59 59 0 0
90 a^58 58 0 0
90 a^57 57 0 0
90 a^56 56 0 0
90 a^55 55 0 0
90 a^54 54 0 0
90 a^53 53 0 0
90 a^52 52 0 0
90 a^51 51 0 0
90 a^50 50 0 0
90 a^49 49 0 0
90 a^48 48 0 0
90 a^47 47 0 0
90 a^46 46 0 0
90 a^45 45 0 0
90 a^44 44 0 0
90 a^43 43 0 0
90 a^42 42 0 0
90 a^41 41 0 0
90 a^40 40 0 0
90 a^39 39 1 0
90 a^38 38 0 0
90 a^37 37 0 0
90 a^36 36 0 0
90 a^35 35 0 0
90 a^34 34 0 0
90 a^33 33 0 0
90 a^32 32 0 0
90 a^31 31 0 0
90 a^30 30 0 0
90 a^29 29 0 0
90 a^28 28 0 0
90 a^27 27 0 0
90 a^26 26 0 0
90 a^25 25 0 0
90 a^24 24 0 0
90 a^23 23 0 0
90 a^22 22 0 0
90 a^21 21 0 0
90 a^20 20 0 0
90 a^19 19 0 0
90 a^18 18 0 0
90 a^17 17 0 0
90 a^16 16 0 0
90 a^15 15 0 0
90 a^14 14 0 0
90 a^13 13 0 0
90 a^12 12 0 0
90 a^11 11 0 0
90 a^10 10 0 0
90 a^9 9 0 0
90 a^8 8 0 0
90 a^7 7 0 0
90 a^6 6 0 0
90 a^5 5 0 0
90 a^4 4 0 0
90 a^3 3 0 0
90 a^2 2 0 0
90 a 1 0 0
91 a^64 64 0 0
91 a^63 63 0 0
91 a^62 62 0 0
91 a^61 61 0 0
91 a^60 60 0 0
91 a^59 59 0 0
91 a^58 58 0 0
91 a^57 57 0 0
91 a^56 56 0 0
91 a^55 55 0 0
91 a^54 54 0 0
91 a^53 53 0 0
91 a^52 52 0 0
91 a^51 51 0 0
91 a^50 50 0 0
91 a^49 49 0 0
91 a^48 48 0 0
91 a^47 47 0 0
91 a^46 46 0 0
91 a^45 45 0 0
91 a^44 44 0 0
91 a^43 43 0 0
91 a^42 42 0 0
91 a^41 41 0 0
91 a^40 40 0 0
91 a^39 39 0 0
91 a^38 38 1 0
91 a^37 37 0 0
91 a^36 36 0 0
91 a^35 35 0 0
91 a^34 34 0 0
91 a^33 33 0 0
91 a^32 32 0 0
91 a^31 31 0 0
91 a^30 30 0 0
91 a^29 29 0 0
91 a^28 28 0 0
91 a^27 27 0 0
91 a^26 26 0 0
91 a^25 25 0 0
91 a^24 24 0 0
91 a^23 23 0 0
91 a^22 22 0 0
91 a^21 21 0 0
91 a^20 20 0 0
91 a^19 19 0 0
91 a^18 18 0 0
91 a^17 17 0 0
91 a^16 16 0 0
91 a^15 15 0 0
91 a^14 14 0 0
91 a^13 13 0 0
91 a^12 12 0 0
91 a^11 11 0 0
91 a^10 10 0 0
91 a^9 9 0 0
91 a^8 8 0 0
91 a^7 7 0 0
91 a^6 6 0 0
91 a^5 5 0 0
91 a^4 4 0 0
91 a^3 3 0 0
91 a^2 2 0 0
91 a 1 0 0
92 a^64 64 0 0
92 a^63 63 0 0
92 a^62 62 0 0
92 a^61 61 0 0
92 a^60 60 0 0
92 a^59 59 0 0
92 a^58 58 0 0
92 a^57 57 0 0
92 a^56 56 0 0
92 a^55 55 0 0
92 a^54 54 0 0
92 a^53 53 0 0
92 a^52 52 0 0
92 a^51 51 0 0
92 a^50 50 0 0
92 a^49 49 0 0
92 a^48 48 0 0
92 a^47 47 0 0
92 a^46 46 0 0
92 a^45 45 0 0
92 a^44 44 0 0
92 a^43 43 0 0
92 a^42 42 0 0
92 a^41 41 0 0
92 a^40 40 0 0
92 a^39 39 0 0
92 a^38 38 0 0
92 a^37 37 1 0
92 a^36 36 0 0
92 a^35 35 0 0
92 a^34 34 0 0
92 a^33 33 0 0
92 a^32 32 0 0
92 a^31 31 0 0
92 a^30 30 0 0
92 a^29 29 0 0
92 a^28 28 0 0
92 a^27 27 0 0
92 a^26 26 0 0
92 a^25 25 0 0
92 a^24 24 0 0
92 a^23 23 0 0
92 a^22 22 0 0
92 a^21 21 0 0
92 a^20 20 0 0
92 a^19 19 0 0
92 a^18 18 0 0
92 a^17 17 0 0
92 a^16 16 0 0
92 a^15 15 0 0
92 a^14 14 0 0
92 a^13 13 0 0
92 a^12 12 0 0
92 a^11 11 0 0
92 a^10 10 0 0
92 a^9 9 0 0
92 a^8 8 0 0
92 a^7 7 0 0
92 a^6 6 0 0
92 a^5 5 0 0
92 a^4 4 0 0
92 a^3 3 0 0
92 a^2 2 0 0
92 a 1 0 0
93 a^64 64 0 0
93 a^63 63 0 0
93 a^62 62 0 0
93 a^61 61 0 0
93 a^60 60 0 0
93 a^59 59 0 0
93 a^58 58 0 0
93 a^57 57 0 0
93 a^56 56 0 0
93 a^55 55 0 0
93 a^54 54 0 0
93 a^53 53 0 0
93 a^52 52 0 0
93 a^51 51 0 0
93 a^50 50 0 0
93 a^49 49 0 0
93 a^48 48 0 0
93 a^47 47 0 0
93 a^46 46 0 0
93 a^45 45 0 0
93 a^44 44 0 0
93 a^43 43 0 0
93 a^42 42 0 0
93 a^41 41 0 0
93 a^40 40 0 0
93 a^39 39 0 0
93 a^38 38 0 0
93 a^37 37 0 0
93 a^36 36 1 0
93 a^35 35 0 0
93 a^34 34 0 0
93 a^33 33 0 0
93 a^32 32 0 0
93 a^31 31 0 0
93 a^30 30 0 0
93 a^29 29 0 0
93 a^28 28 0 0
93 a^27 27 0 0
93 a^26 26 0 0
93 a^25 25 0 0
93 a^24 24 0 0
93 a^23 23 0 0
93 a^22 22 0 0
93 a^21 21 0 0
93 a^20 20 0 0
93 a^19 19 0 0
93 a^18 18 0 0
93 a^17 17 0 0
93 a^16 16 0 0
93 a^15 15 0 0
93 a^14 14 0 0
93 a^13 13 0 0
93 a^12 12 0 0
93 a^11 11 0 0
93 a^10 10 0 0
93 a^9 9 0 0
93 a^8 8 0 0
93 a^7 7 0 0
93 a^6 6 0 0
93 a^5 5 0 0
93 a^4 4 0 0
93 a^3 3 0 0
93 a^2 2 0 0
93 a 1 0 0
94 a^64 64 0 0
94 a^63 63 0 0
94 a^62 62 0 0
94 a^61 61 0 0
94 a^60 60 0 0
94 a^59 59 0 0
94 a^58 58 0 0
94 a^57 57 0 0
94 a^56 56 0 0
94 a^55 55 0 0
94 a^54 54 0 0
94 a^53 53 0 0
94 a^52 52 0 0
94 a^51 51 0 0
94 a^50 50 0 0
94 a^49 49 0 0
94 a^48 48 0 0
94 a^47 47 0 0
94 a^46 46 0 0
94 a^45 45 0 0
94 a^44 44 0 0
94 a^43 43 0 0
94 a^42 42 0 0
94 a^41 41 0 0
94 a^40 40 0 0
94 a^39 39 0 0
94 a^38 38 0 0
94 a^37 37 0 0
94 a^36 36 0 0
94 a^35 35 1 0
94 a^34 34 0 0
94 a^33 33 0 0
94 a^32 32 0 0
94 a^31 31 0 0
94 a^30 30 0 0
94 a^29 29 0 0
94 a^28 28 0 0
94 a^27 27 0 0
94 a^26 26 0 0
94 a^25 25 0 0
94 a^24 24 0 0
94 a^23 23 0 0
94 a^22 22 0 0
94 a^21 21 0 0
94 a^20 20 0 0
94 a^19 19 0 0
94 a^18 18 0 0
94 a^17 17 0 0
94 a^16 16 0 0
94 a^15 15 0 0
94 a^14 14 0 0
94 a^13 13 0 0
94 a^12 12 0 0
94 a^11 11 0 0
94 a^10 10 0 0
94 a^9 9 0 0
94 a^8 8 0 0
94 a^7 7 0 0
94 a^6 6 0 0
94 a^5 5 0 0
94 a^4 4 0 0
94 a^3 3 0 0
94 a^2 2 0 0
94 a 1 0 0
95 a^64 64 0 0
95 a^63 63 0 0
95 a^62 62 0 0
95 a^61 61 0 0
95 a^60 60 0 0
95 a^59 59 0 0
95 a^58 58 0 0
95 a^57 57 0 0
95 a^56 56 0 0
95 a^55 55 0 0
95 a^54 54 0 0
95 a^53 53 0 0
95 a^52 52 0 0
95 a^51 51 0 0
95 a^50 50 0 0
95 a^49 49 0 0
95 a^48 48 0 0
95 a^47 47 0 0
95 a^46 46 0 0
95 a^45 45 0 0
95 a^44 44 0 0
95 a^43 43 0 0
95 a^42 42 0 0
95 a^41 41 0 0
95 a^40 40 0 0
95 a^39 39 0 0
95 a^38 38 0 0
95 a^37 37 0 0
95 a^36 36 0 0
95 a^35 35 0 0
95 a^34 34 1 0
95 a^33 33 0 0
95 a^32 32 0 0
95 a^31 31 0 0
95 a^30 30 0 0
95 a^29 29 0 0
95 a^28 28 0 0
95 a^27 27 0 0
95 a^26 26 0 0
95 a^25 25 0 0
95 a^24 24 0 0
95 a^23 23 0 0
95 a^22 22 0 0
95 a^21 21 0 0
95 a^20 20 0 0
95 a^19 19 0 0
95 a^18 18 0 0
95 a^17 17 0 0
95 a^16 16 0 0
95 a^15 15 0 0
95 a^14 14 0 0
95 a^13 13 0 0
95 a^12 12 0 0
95 a^11 11 0 0
95 a^10 10 0 0
95 a^9 9 0 0
95 a^8 8 0 0
95 a^7 7 0 0
95 a^6 6 0 0
95 a^5 5 0 0
95 a^4 4 0 0
95 a^3 3 0 0
95 a^2 2 0 0
95 a 1 0 0
96 a^64 64 0 0
96 a^63 63 0 0
96 a^62 62 0 0
96 a^61 61 0 0
96 a^60 60 0 0
96 a^59 59 0 0
96 a^58 58 0 0
96 a^57 57 0 0
96 a^56 56 0 0
96 a^55 55 0 0
96 a^54 54 0 0
96 a^53 53 0 0
96 a^52 52 0 0
96 a^51 51 0 0
96 a^50 50 0 0
96 a^49 49 0 0
96 a^48 48 0 0
96 a^47 47 0 0
96 a^46 46 0 0
96 a^45 45 0 0
96 a^44 44 0 0
96 a^43 43 0 0
96 a^42 42 0 0
96 a^41 41 0 0
96 a^40 40 0 0
96 a^39 39 0 0
96 a^38 38 0 0
96 a^37 37 0 0
96 a^36 36 0 0
96 a^35 35 0 0
96 a^34 34 0 0
96 a^33 33 1 0
96 a^32 32 0 0
96 a^31 31 0 0
96 a^30 30 0 0
96 a^29 29 0 0
96 a^28 28 0 0
96 a^27 27 0 0
96 a^26 26 0 0
96 a^25 25 0 0
96 a^24 24 0 0
96 a^23 23 0 0
96 a^22 22 0 0
96 a^21 21 0 0
96 a^20 20 0 0
96 a^19 19 0 0
96 a^18 18 0 0
96 a^17 17 0 0
96 a^16 16 0 0
96 a^15 15 0 0
96 a^14 14 0 0
96 a^13 13 0 0
96 a^12 12 0 0
96 a^11 11 0 0
96 a^10 10 0 0
96 a^9 9 0 0
96 a^8 8 0 0
96 a^7 7 0 0
96 a^6 6 0 0
96 a^5 5 0 0
96 a^4 4 0 0
96 a^3 3 0 0
96 a^2 2 0 0
96 a 1 0 0
97 a^64 64 0 0
97 a^63 63 0 0
97 a^62 62 0 0
97 a^61 61 0 0
97 a^60 60 0 0
97 a^59 59 0 0
97 a^58 58 0 0
97 a^57 57 0 0
97 a^56 56 0 0
97 a^55 55 0 0
97 a^54 54 0 0
97 a^53 53 0 0
97 a^52 52 0 0
97 a^51 51 0 0
97 a^50 50 0 0
97 a^49 49 0 0
97 a^48 48 0 0
97 a^47 47 0 0
97 a^46 46 0 0
97 a^45 45 0 0
97 a^44 44 0 0
97 a^43 43 0 0
97 a^42 42 0 0
97 a^41 41 0 0
97 a^40 40 0 0
97 a^39 39 0 0
97 a^38 38 0 0
97 a^37 37 0 0
97 a^36 36 0 0
97 a^35 35 0 0
97 a^34 34 0 0
97 a^33 33 0 0
97 a^32 32 1 0
97 a^31 31 0 0
97 a^30 30 0 0
97 a^29 29 0 0
97 a^28 28 0 0
97 a^27 27 0 0
97 a^26 26 0 0
97 a^25 25 0 0
97 a^24 24 0 0
97 a^23 23 0 0
97 a^22 22 0 0
97 a^21 21 0 0
97 a^20 20 0 0
97 a^19 19 0 0
97 a^18 18 0 0
97 a^17 17 0 0
97 a^16 16 0 0
97 a^15 15 0 0
97 a^14 14 0 0
97 a^13 13 0 0
97 a^12 12 0 0
97 a^11 11 0 0
97 a^10 10 0 0
97 a^9 9 0 0
97 a^8 8 0 0
97 a^7 7 0 0
97 a^6 6 0 0
97 a^5 5 0 0
97 a^4 4 0 0
97 a^3 3 0 0
97 a^2 2 0 0
97 a 1 0 0
98 a^64 64 0 0
98 a^63 63 0 0
98 a^62 62 0 0
98 a^61 61 0 0
98 a^60 60 0 0
98 a^59 59 0 0
98 a^58 58 0 0
98 a^57 57 0 0
98 a^56 56 0 0
98 a^55 55 0 0
98 a^54 54 0 0
98 a^53 53 0 0
98 a^52 52 0 0
98 a^51 51 0 0
98 a^50 50 0 0
98 a^49 49 0 0
98 a^48 48 0 0
98 a^47 47 0 0
98 a^46 46 0 0
98 a^45 45 0 0
98 a^44 44 0 0
98 a^43 43 0 0
98 a^42 42 0 0
98 a^41 41 0 0
98 a^40 40 0 0
98 a^39 39 0 0
98 a^38 38 0 0
98 a^37 37 0 0
98 a^36 36 0 0
98 a^35 35 0 0
98 a^34 34 0 0
98 a^33 33 0 0
98 a^32 32 0 0
98 a^31 31 1 0
98 a^30 30 0 0
98 a^29 29 0 0
98 a^28 28 0 0
98 a^27 27 0 0
98 a^26 26 0 0
98 a^25 25 0 0
98 a^24 24 0 0
98 a^23 23 0 0
98 a^22 22 0 0
98 a^21 21 0 0
98 a^20 20 0 0
98 a^19 19 0 0
98 a^18 18 0 0
98 a^17 17 0 0
98 a^16 16 0 0
98 a^15 15 0 0
98 a^14 14 0 0
98 a^13 13 0 0
98 a^12 12 0 0
98 a^11 11 0 0
98 a^10 10 0 0
98 a^9 9 0 0
98 a^8 8 0 0
98 a^7 7 0 0
98 a^6 6 0 0
98 a^5 5 0 0
98 a^4 4 0 0
98 a^3 3 0 0
98 a^2 2 0 0
98 a 1 0 0
99 a^64 64 0 0
99 a^63 63 0 0
99 a^62 62 0 0
99 a^61 61 0 0
99 a^60 60 0 0
99 a^59 59 0 0
99 a^58 58 0 0
99 a^57 57 0 0
99 a^56 56 0 0
99 a^55 55 0 0
99 a^54 54 0 0
99 a^53 53 0 0
99 a^52 52 0 0
99 a^51 51 0 0
99 a^50 50 0 0
99 a^49 49 0 0
99 a^48 48 0 0
99 a^47 47 0 0
99 a^46 46 0 0
99 a^45 45 0 0
99 a^44 44 0 0
99 a^43 43 0 0
99 a^42 42 0 0
99 a^41 41 0 0
99 a^40 40 0 0
99 a^39 39 0 0
99 a^38 38 0 0
99 a^37 37 0 0
99 a^36 36 0 0
99 a^35 35 0 0
99 a^34 34 0 0
99 a^33 33 0 0
99 a^32 32 0 0
99 a^31 31 0 0
99 a^30 30 1 0
99 a^29 29 0 0
99 a^28 28 0 0
99 a^27 27 0 0
99 a^26 26 0 0
99 a^25 25 0 0
99 a^24 24 0 0
99 a^23 23 0 0
99 a^22 22 0 0
99 a^21 21 0 0
99 a^20 20 0 0
99 a^19 19 0 0
99 a^18 18 0 0
99 a^17 17 0 0
99 a^16 16 0 0
99 a^15 15 0 0
99 a^14 14 0 0
99 a^13 13 0 0
99 a^12 12 0 0
99 a^11 11 0 0
99 a^10 10 0 0
99 a^9 9 0 0
99 a^8 8 0 0
99 a^7 7 0 0
99 a^6 6 0 0
99 a^5 5 0 0
99 a^4 4 0 0
99 a^3 3 0 0
99 a^2 2 0 0
99 a 1 0 0
100 a^64 64 0 0
100 a^63 63 0 0
100 a^62 62 0 0
100 a^61 61 0 0
100 a^60 60 0 0
100 a^59 59 0 0
100 a^58 58 0 0
100 a^57 57 0 0
100 a^56 56 0 0
100 a^55 55 0 0
100 a^54 54 0 0
100 a^53 53 0 0
100 a^52 52 0 0
100 a^51 51 0 0
100 a^50 50 0 0
100 a^49 49 0 0
100 a^48 48 0 0
100 a^47 47 0 0
100 a^46 46 0 0
100 a^45 45 0 0
100 a^44 44 0 0
100 a^43 43 0 0
100 a^42 42 0 0
100 a^41 41 0 0
100 a^40 40 0 0
100 a^39 39 0 0
100 a^38 38 0 0
100 a^37 37 0 0
100 a^36 36 0 0
100 a^35 35 0 0
100 a^34 34 0 0
100 a^33 33 0 0
100 a^32 32 0 0
100 a^31 31 0 0
100 a^30 30 0 0
100 a^29 29 1 0
100 a^28 28 0 0
100 a^27 27 0 0
100 a^26 26 0 0
100 a^25 25 0 0
100 a^24 24 0 0
100 a^23 23 0 0
100 a^22 22 0 0
100 a^21 21 0 0
100 a^20 20 0 0
100 a^19 19 0 0
100 a^18 18 0 0
100 a^17 17 0 0
100 a^16 16 0 0
100 a^15 15 0 0
100 a^14 14 0 0
100 a^13 13 0 0
100 a^12 12 0 0
100 a^11 11 0 0
100 a^10 10 0 0
100 a^9 9 0 0
100 a^8 8 0 0
100 a^7 7 0 0
100 a^6 6 0 0
100 a^5 5 0 0
100 a^4 4 0 0
100 a^3 3 0 0
100 a^2 2 0 0
100 a 1 0 0
101 a^64 64 0 0
101 a^63 63 0 0
101 a^62 62 0 0
101 a^61 61 0 0
101 a^60 60 0 0
101 a^59 59 0 0
101 a^58 58 0 0
101 a^57 57 0 0
101 a^56 56 0 0
101 a^55 55 0 0
101 a^54 54 0 0
101 a^53 53 0 0
101 a^52 52 0 0
101 a^51 51 0 0
101 a^50 50 0 0
101 a^49 49 0 0
101 a^48 48 0 0
101 a^47 47 0 0
101 a^46 46 0 0
101 a^45 45 0 0
101 a^44 44 0 0
101 a^43 43 0 0
101 a^42 42 0 0
101 a^41 41 0 0
101 a^40 40 0 0
101 a^39 39 0 0
101 a^38 38 0 0
101 a^37 37 0 0
101 a^36 36 0 0
101 a^35 35 0 0
101 a^34 34 0 0
101 a^33 33 0 0
101 a^32 32 0 0
101 a^31 31 0 0
101 a^30 30 0 0
101 a^29 29 0 0
101 a^28 28 1 0
101 a^27 27 0 0
101 a^26 26 0 0
101 a^25 25 0 0
101 a^24 24 0 0
101 a^23 23 0 0
101 a^22 22 0 0
101 a^21 21 0 0
101 a^20 20 0 0
101 a^19 19 0 0
101 a^18 18 0 0
101 a^17 17 0 0
101 a^16 16 0 0
101 a^15 15 0 0
101 a^14 14 0 0
101 a^13 13 0 0
101 a^12 12 0 0
101 a^11 11 0 0
101 a^10 10 0 0
101 a^9 9 0 0
101 a^8 8 0 0
101 a^7 7 0 0
101 a^6 6 0 0
101 a^5 5 0 0
101 a^4 4 0 0
101 a^3 3 0 0
101 a^2 2 0 0
101 a 1 0 0
102 a^64 64 0 0
102 a^63 63 0 0
102 a^62 62 0 0
102 a^61 61 0 0
102 a^60 60 0 0
102 a^59 59 0 0
102 a^58 58 0 0
102 a^57 57 0 0
102 a^56 56 0 0
102 a^55 55 0 0
102 a^54 54 0 0
102 a^53 53 0 0
102 a^52 52 0 0
102 a^51 51 0 0
102 a^50 50 0 0
102 a^49 49 0 0
102 a^48 48 0 0
102 a^47 47 0 0
102 a^46 46 0 0
102 a^45 45 0 0
102 a^44 44 0 0
102 a^43 43 0 0
102 a^42 42 0 0
102 a^41 41 0 0
102 a^40 40 0 0
102 a^39 39 0 0
102 a^38 38 0 0
102 a^37 37 0 0
102 a^36 36 0 0
102 a^35 35 0 0
102 a^34 34 0 0
102 a^33 33 0 0
102 a^32 32 0 0
102 a^31 31 0 0
102 a^30 30 0 0
102 a^29 29 0 0
102 a^28 28 0 0
102 a^27 27 1 0
102 a^26 26 0 0
102 a^25 25 0 0
102 a^24 24 0 0
102 a^23 23 0 0
102 a^22 22 0 0
102 a^21 21 0 0
102 a^20 20 0 0
102 a^19 19 0 0
102 a^18 18 0 0
102 a^17 17 0 0
102 a^16 16 0 0
102 a^15 15 0 0
102 a^14 14 0 0
102 a^13 13 0 0
102 a^12 12 0 0
102 a^11 11 0 0
102 a^10 10 0 0
102 a^9 9 0 0
102 a^8 8 0 0
102 a^7 7 0 0
102 a^6 6 0 0
102 a^5 5 0 0
102 a^4 4 0 0
102 a^3 3 0 0
102 a^2 2 0 0
102 a 1 0 0
103 a^64 64 0 0
103 a^63 63 0 0
103 a^62 62 0 0
103 a^61 61 0 0
103 a^60 60 0 0
103 a^59 59 0 0
103 a^58 58 0 0
103 a^57 57 0 0
103 a^56 56 0 0
103 a^55 55 0 0
103 a^54 54 0 0
103 a^53 53 0 0
103 a^52 52 0 0
103 a^51 51 0 0
103 a^50 50 0 0
103 a^49 49 0 0
103 a^48 48 0 0
103 a^47 47 0 0
103 a^46 46 0 0
103 a^45 45 0 0
103 a^44 44 0 0
103 a^43 43 0 0
103 a^42 42 0 0
103 a^41 41 0 0
103 a^40 40 0 0
103 a^39 39 0 0
103 a^38 38 0 0
103 a^37 37 0 0
103 a^36 36 0 0
103 a^35 35 0 0
103 a^34 34 0 0
103 a^33 33 0 0
103 a^32 32 0 0
103 a^31 31 0 0
103 a^30 30 0 0
103 a^29 29 0 0
103 a^28 28 0 0
103 a^27 27 0 0
103 a^26 26 1 0
103 a^25 25 0 0
103 a^24 24 0 0
103 a^23 23 0 0
103 a^22 22 0 0
103 a^21 21 0 0
103 a^20 20 0 0
103 a^19 19 0 0
103 a^18 18 0 0
103 a^17 17 0 0
103 a^16 16 0 0
103 a^15 15 0 0
103 a^14 14 0 0
103 a^13 13 0 0
103 a^12 12 0 0
103 a^11 11 0 0
103 a^10 10 0 0
103 a^9 9 0 0
103 a^8 8 0 0
103 a^7 7 0 0
103 a^6 6 0 0
103 a^5 5 0 0
103 a^4 4 0 0
103 a^3 3 0 0
103 a^2 2 0 0
103 a 1 0 0
104 a^64 64 0 0
104 a^63 63 0 0
104 a^62 62 0 0
104 a^61 61 0 0
104 a^60 60 0 0
104 a^59 59 0 0
104 a^58 58 0 0
104 a^57 57 0 0
104 a^56 56 0 0
104 a^55 55 0 0
104 a^54 54 0 0
104 a^53 53 0 0
104 a^52 52 0 0
104 a^51 51 0 0
104 a^50 50 0 0
104 a^49 49 0 0
104 a^48 48 0 0
104 a^47 47 0 0
104 a^46 46 0 0
104 a^45 45 0 0
104 a^44 44 0 0
104 a^43 43 0 0
104 a^42 42 0 0
104 a^41 41 0 0
104 a^40 40 0 0
104 a^39 39 0 0
104 a^38 38 0 0
104 a^37 37 0 0
104 a^36 36 0 0
104 a^35 35 0 0
104 a^34 34 0 0
104 a^33 33 0 0
104 a^32 32 0 0
104 a^31 31 0 0
104 a^30 30 0 0
104 a^29 29 0 0
104 a^28 28 0 0
104 a^27 27 0 0
104 a^26 26 0 0
104 a^25 25 1 0
104 a^24 24 0 0
104 a^23 23 0 0
104 a^22 22 0 0
104 a^21 21 0 0
104 a^20 20 0 0
104 a^19 19 0 0
104 a^18 18 0 0
104 a^17 17 0 0
104 a^16 16 0 0
104 a^15 15 0 0
104 a^14 14 0 0
104 a^13 13 0 0
104 a^12 12 0 0
104 a^11 11 0 0
104 a^10 10 0 0
104 a^9 9 0 0
104 a^8 8 0 0
104 a^7 7 0 0
104 a^6 6 0 0
104 a^5 5 0 0
104 a^4 4 0 0
104 a^3 3 0 0
104 a^2 2 0 0
104 a 1 0 0
105 a^64 64 0 0
105 a^63 63 0 0
105 a^62 62 0 0
105 a^61 61 0 0
105 a^60 60 0 0
105 a^59 59 0 0
105 a^58 58 0 0
105 a^57 57 0 0
105 a^56 56 0 0
105 a^55 55 0 0
105 a^54 54 0 0
105 a^53 53 0 0
105 a^52 52 0 0
105 a^51 51 0 0
105 a^50 50 0 0
105 a^49 49 0 0
105 a^48 48 0 0
105 a^47 47 0 0
105 a^46 46 0 0
105 a^45 45 0 0
105 a^44 44 0 0
105 a^43 43 0 0
105 a^42 42 0 0
105 a^41 41 0 0
105 a^40 40 0 0
105 a^39 39 0 0
105 a^38 38 0 0
105 a^37 37 0 0
105 a^36 36 0 0
105 a^35 35 0 0
105 a^34 34 0 0
105 a^33 33 0 0
105 a^32 32 0 0
105 a^31 31 0 0
105 a^30 30 0 0
105 a^29 29 0 0
105 a^28 28 0 0
105 a^27 27 0 0
105 a^26 26 0 0
105 a^25 25 0 0
105 a^24 24 1 0
105 a^23 23 0 0
105 a^22 22 0 0
105 a^21 21 0 0
105 a^20 20 0 0
105 a^19 19 0 0
105 a^18 18 0 0
105 a^17 17 0 0
105 a^16 16 0 0
105 a^15 15 0 0
105 a^14 14 0 0
105 a^13 13 0 0
105 a^12 12 0 0
105 a^11 11 0 0
105 a^10 10 0 0
105 a^9 9 0 0
105 a^8 8 0 0
105 a^7 7 0 0
105 a^6 6 0 0
105 a^5 5 0 0
105 a^4 4 0 0
105 a^3 3 0 0
105 a^2 2 0 0
105 a 1 0 0
106 a^64 64 0 0
106 a^63 63 0 0
106 a^62 62 0 0
106 a^61 61 0 0
106 a^60 60 0 0
106 a^59 59 0 0
106 a^58 58 0 0
106 a^57 57 0 0
106 a^56 56 0 0
106 a^55 55 0 0
106 a^54 54 0 0
106 a^53 53 0 0
106 a^52 52 0 0
106 a^51 51 0 0
106 a^50 50 0 0
106 a^49 49 0 0
106 a^48 48 0 0
106 a^47 47 0 0
106 a^46 46 0 0
106 a^45 45 0 0
106 a^44 44 0 0
106 a^43 43 0 0
106 a^42 42 0 0
106 a^41 41 0 0
106 a^40 40 0 0
106 a^39 39 0 0
106 a^38 38 0 0
106 a^37 37 0 0
106 a^36 36 0 0
106 a^35 35 0 0
106 a^34 34 0 0
106 a^33 33 0 0
106 a^32 32 0 0
106 a^31 31 0 0
106 a^30 30 0 0
106 a^29 29 0 0
106 a^28 28 0 0
106 a^27 27 0 0
106 a^26 26 0 0
106 a^25 25 0 0
106 a^24 24 0 0
106 a^23 23 1 0
106 a^22 22 0 0
106 a^21 21 0 0
106 a^20 20 0 0
106 a^19 19 0 0
106 a^18 18 0 0
106 a^17 17 0 0
106 a^16 16 0 0
106 a^15 15 0 0
106 a^14 14 0 0
106 a^13 13 0 0
106 a^12 12 0 0
106 a^11 11 0 0
106 a^10 10 0 0
106 a^9 9 0 0
106 a^8 8 0 0
106 a^7 7 0 0
106 a^6 6 0 0
106 a^5 5 0 0
106 a^4 4 0 0
106 a^3 3 0 0
106 a^2 2 0 0
106 a 1 0 0
107 a^64 64 0 0
107 a^63 63 0 0
107 a^62 62 0 0
107 a^61 61 0 0
107 a^60 60 0 0
107 a^59 59 0 0
107 a^58 58 0 0
107 a^57 57 0 0
107 a^56 56 0 0
107 a^55 55 0 0
107 a^54 54 0 0
107 a^53 53 0 0
107 a^52 52 0 0
107 a^51 51 0 0
107 a^50 50 0 0
107 a^49 49 0 0
107 a^48 48 0 0
107 a^47 47 0 0
107 a^46 46 0 0
107 a^45 45 0 0
107 a^44 44 0 0
107 a^43 43 0 0
107 a^42 42 0 0
107 a^41 41 0 0
107 a^40 40 0 0
107 a^39 39 0 0
107 a^38 38 0 0
107 a^37 37 0 0
107 a^36 36 0 0
107 a^35 35 0 0
107 a^34 34 0 0
107 a^33 33 0 0
107 a^32 32 0 0
107 a^31 31 0 0
107 a^30 30 0 0
107 a^29 29 0 0
107 a^28 28 0 0
107 a^27 27 0 0
107 a^26 26 0 0
107 a^25 25 0 0
107 a^24 24 0 0
107 a^23 23 0 0
107 a^22 22 1 0
107 a^21 21 0 0
107 a^20 20 0 0
107 a^19 19 0 0
107 a^18 18 0 0
107 a^17 17 0 0
107 a^16 16 0 0
107 a^15 15 0 0
107 a^14 14 0 0
107 a^13 13 0 0
107 a^12 12 0 0
107 a^11 11 0 0
107 a^10 10 0 0
107 a^9 9 0 0
107 a^8 8 0 0
107 a^7 7 0 0
107 a^6 6 0 0
107 a^5 5 0 0
107 a^4 4 0 0
107 a^3 3 0 0
107 a^2 2 0 0
107 a 1 0 0
108 a^64 64 0 0
108 a^63 63 0 0
108 a^62 62 0 0
108 a^61 61 0 0
108 a^60 60 0 0
108 a^59 59 0 0
108 a^58 58 0 0
108 a^57 57 0 0
108 a^56 56 0 0
108 a^55 55 0 0
108 a^54 54 0 0
108 a^53 53 0 0
108 a^52 52 0 0
108 a^51 51 0 0
108 a^50 50 0 0
108 a^49 49 0 0
108 a^48 48 0 0
108 a^47 47 0 0
108 a^46 46 0 0
108 a^45 45 0 0
108 a^44 44 0 0
108 a^43 43 0 0
108 a^42 42 0 0
108 a^41 41 0 0
108 a^40 40 0 0
108 a^39 39 0 0
108 a^38 38 0 0
108 a^37 37 0 0
108 a^36 36 0 0
108 a^35 35 0 0
108 a^34 34 0 0
108 a^33 33 0 0
108 a^32 32 0 0
108 a^31 31 0 0
108 a^30 30 0 0
108 a^29 29 0 0
108 a^28 28 0 0
108 a^27 27 0 0
108 a^26 26 0 0
108 a^25 25 0 0
108 a^24 24 0 0
108 a^23 23 0 0
108 a^22 22 0 0
108 a^21 21 1 0
108 a^20 20 0 0
108 a^19 19 0 0
108 a^18 18 0 0
108 a^17 17 0 0
108 a^16 16 0 0
108 a^15 15 0 0
108 a^14 14 0 0
108 a^13 13 0 0
108 a^12 12 0 0
108 a^11 11 0 0
108 a^10 10 0 0
108 a^9 9 0 0
108 a^8 8 0 0
108 a^7 7 0 0
108 a^6 6 0 0
108 a^5 5 0 0
108 a^4 4 0 0
108 a^3 3 0 0
108 a^2 2 0 0
108 a 1 0 0
109 a^64 64 0 0
109 a^63 63 0 0
109 a^62 62 0 0
109 a^61 61 0 0
109 a^60 60 0 0
109 a^59 59 0 0
109 a^58 58 0 0
109 a^57 57 0 0
109 a^56 56 0 0
109 a^55 55 0 0
109 a^54 54 0 0
109 a^53 53 0 0
109 a^52 52 0 0
109 a^51 51 0 0
109 a^50 50 0 0
109 a^49 49 0 0
109 a^48 48 0 0
109 a^47 47 0 0
109 a^46 46 0 0
109 a^45 45 0 0
109 a^44 44 0 0
109 a^43 43 0 0
109 a^42 42 0 0
109 a^41 41 0 0
109 a^40 40 0 0
109 a^39 39 0 0
109 a^38 38 0 0
109 a^37 37 0 0
109 a^36 36 0 0
109 a^35 35 0 0
109 a^34 34 0 0
109 a^33 33 0 0
109 a^32 32 0 0
109 a^31 31 0 0
109 a^30 30 0 0
109 a^29 29 0 0
109 a^28 28 0 0
109 a^27 27 0 0
109 a^26 26 0 0
109 a^25 25 0 0
109 a^24 24 0 0
109 a^23 23 0 0
109 a^22 22 0 0
109 a^21 21 0 0
109 a^20 20 1 0
109 a^19 19 0 0
109 a^18 18 0 0
109 a^17 17 0 0
109 a^16 16 0 0
109 a^15 15 0 0
109 a^14 14 0 0
109 a^13 13 0 0
109 a^12 12 0 0
109 a^11 11 0 0
109 a^10 10 0 0
109 a^9 9 0 0
109 a^8 8 0 0
109 a^7 7 0 0
109 a^6 6 0 0
109 a^5 5 0 0
109 a^4 4 0 0
109 a^3 3 0 0
109 a^2 2 0 0
109 a 1 0 0
110 a^64 64 0 0
110 a^63 63 0 0
110 a^62 62 0 0
110 a^61 61 0 0
110 a^60 60 0 0
110 a^59 59 0 0
110 a^58 58 0 0
110 a^57 57 0 0
110 a^56 56 0 0
110 a^55 55 0 0
110 a^54 54 0 0
110 a^53 53 0 0
110 a^52 52 0 0
110 a^51 51 0 0
110 a^50 50 0 0
110 a^49 49 0 0
110 a^48 48 0 0
110 a^47 47 0 0
110 a^46 46 0 0
110 a^45 45 0 0
110 a^44 44 0 0
110 a^43 43 0 0
110 a^42 42 0 0
110 a^41 41 0 0
110 a^40 40 0 0
110 a^39 39 0 0
110 a^38 38 0 0
110 a^37 37 0 0
110 a^36 36 0 0
110 a^35 35 0 0
110 a^34 34 0 0
110 a^33 33 0 0
110 a^32 32 0 0
110 a^31 31 0 0
110 a^30 30 0 0
110 a^29 29 0 0
110 a^28 28 0 0
110 a^27 27 0 0
110 a^26 26 0 0
110 a^25 25 0 0
110 a^24 24 0 0
110 a^23 23 0 0
110 a^22 22 0 0
110 a^21 21 0 0
110 a^20 20 0 0
110 a^19 19 1 0
110 a^18 18 0 0
110 a^17 17 0 0
110 a^16 16 0 0
110 a^15 15 0 0
110 a^14 14 0 0
110 a^13 13 0 0
110 a^12 12 0 0
110 a^11 11 0 0
110 a^10 10 0 0
110 a^9 9 0 0
110 a^8 8 0 0
110 a^7 7 0 0
110 a^6 6 0 0
110 a^5 5 0 0
110 a^4 4 0 0
110 a^3 3 0 0
110 a^2 2 0 0
110 a 1 0 0
111 a^64 64 0 0
111 a^63 63 0 0
111 a^62 62 0 0
111 a^61 61 0 0
111 a^60 60 0 0
111 a^59 59 0 0
111 a^58 58 0 0
111 a^57 57 0 0
111 a^56 56 0 0
111 a^55 55 0 0
111 a^54 54 0 0
111 a^53 53 0 0
111 a^52 52 0 0
111 a^51 51 0 0
111 a^50 50 0 0
111 a^49 49 0 0
111 a^48 48 0 0
111 a^47 47 0 0
111 a^46 46 0 0
111 a^45 45 0 0
111 a^44 44 0 0
111 a^43 43 0 0
111 a^42 42 0 0
111 a^41 41 0 0
111 a^40 40 0 0
111 a^39 39 0 0
111 a^38 38 0 0
111 a^37 37 0 0
111 a^36 36 0 0
111 a^35 35 0 0
111 a^34 34 0 0
111 a^33 33 0 0
111 a^32 32 0 0
111 a^31 31 0 0
111 a^30 30 0 0
111 a^29 29 0 0
111 a^28 28 0 0
111 a^27 27 0 0
111 a^26 26 0 0
111 a^25 25 0 0
111 a^24 24 0 0
111 a^23 23 0 0
111 a^22 22 0 0
111 a^21 21 0 0
111 a^20 20 0 0
111 a^19 19 0 0
111 a^18 18 1 0
111 a^17 17 0 0
111 a^16 16 0 0
111 a^15 15 0 0
111 a^14 14 0 0
111 a^13 13 0 0
111 a^12 12 0 0
111 a^11 11 0 0
111 a^10 10 0 0
111 a^9 9 0 0
111 a^8 8 0 0
111 a^7 7 0 0
111 a^6 6 0 0
111 a^5 5 0 0
111 a^4 4 0 0
111 a^3 3 0 0
111 a^2 2 0 0
111 a 1 0 0
112 a^64 64 0 0
112 a^63 63 0 0
112 a^62 62 0 0
112 a^61 61 0 0
112 a^60 60 0 0
112 a^59 59 0 0
112 a^58 58 0 0
112 a^57 57 0 0
112 a^56 56 0 0
112 a^55 55 0 0
112 a^54 54 0 0
112 a^53 53 0 0
112 a^52 52 0 0
112 a^51 51 0 0
112 a^50 50 0 0
112 a^49 49 0 0
112 a^48 48 0 0
112 a^47 47 0 0
112 a^46 46 0 0
112 a^45 45 0 0
112 a^44 44 0 0
112 a^43 43 0 0
112 a^42 42 0 0
112 a^41 41 0 0
112 a^40 40 0 0
112 a^39 39 0 0
112 a^38 38 0 0
112 a^37 37 0 0
112 a^36 36 0 0
112 a^35 35 0 0
112 a^34 34 0 0
112 a^33 33 0 0
112 a^32 32 0 0
112 a^31 31 0 0
112 a^30 30 0 0
112 a^29 29 0 0
112 a^28 28 0 0
112 a^27 27 0 0
112 a^26 26 0 0
112 a^25 25 0 0
112 a^24 24 0 0
112 a^23 23 0 0
112 a^22 22 0 0
112 a^21 21 0 0
112 a^20 20 0 0
112 a^19 19 0 0
112 a^18 18 0 0
112 a^17 17 1 0
112 a^16 16 0 0
112 a^15 15 0 0
112 a^14 14 0 0
112 a^13 13 0 0
112 a^12 12 0 0
112 a^11 11 0 0
112 a^10 10 0 0
112 a^9 9 0 0
112 a^8 8 0 0
112 a^7 7 0 0
112 a^6 6 0 0
112 a^5 5 0 0
112 a^4 4 0 0
112 a^3 3 0 0
112 a^2 2 0 0
112 a 1 0 0
113 a^64 64 0 0
113 a^63 63 0 0
113 a^62 62 0 0
113 a^61 61 0 0
113 a^60 60 0 0
113 a^59 59 0 0
113 a^58 58 0 0
113 a^57 57 0 0
113 a^56 56 0 0
113 a^55 55 0 0
113 a^54 54 0 0
113 a^53 53 0 0
113 a^52 52 0 0
113 a^51 51 0 0
113 a^50 50 0 0
113 a^49 49 0 0
113 a^48 48 0 0
113 a^47 47 0 0
113 a^46 46 0 0
113 a^45 45 0 0
113 a^44 44 0 0
113 a^43 43 0 0
113 a^42 42 0 0
113 a^41 41 0 0
113 a^40 40 0 0
113 a^39 39 0 0
113 a^38 38 0 0
113 a^37 37 0 0
113 a^36 36 0 0
113 a^35 35 0 0
113 a^34 34 0 0
113 a^33 33 0 0
113 a^32 32 0 0
113 a^31 31 0 0
113 a^30 30 0 0
113 a^29 29 0 0
113 a^28 28 0 0
113 a^27 27 0 0
113 a^26 26 0 0
113 a^25 25 0 0
113 a^24 24 0 0
113 a^23 23 0 0
113 a^22 22 0 0
113 a^21 21 0 0
113 a^20 20 0 0
113 a^19 19 0 0
113 a^18 18 0 0
113 a^17 17 0 0
113 a^16 16 1 0
113 a^15 15 0 0
113 a^14 14 0 0
113 a^13 13 0 0
113 a^12 12 0 0
113 a^11 11 0 0
113 a^10 10 0 0
113 a^9 9 0 0
113 a^8 8 0 0
113 a^7 7 0 0
113 a^6 6 0 0
113 a^5 5 0 0
113 a^4 4 0 0
113 a^3 3 0 0
113 a^2 2 0 0
113 a 1 0 0
114 a^64 64 0 0
114 a^63 63 0 0
114 a^62 62 0 0
114 a^61 61 0 0
114 a^60 60 0 0
114 a^59 59 0 0
114 a^58 58 0 0
114 a^57 57 0 0
114 a^56 56 0 0
114 a^55 55 0 0
114 a^54 54 0 0
114 a^53 53 0 0
114 a^52 52 0 0
114 a^51 51 0 0
114 a^50 50 0 0
114 a^49 49 0 0
114 a^48 48 0 0
114 a^47 47 0 0
114 a^46 46 0 0
114 a^45 45 0 0
114 a^44 44 0 0
114 a^43 43 0 0
114 a^42 42 0 0
114 a^41 41 0 0
114 a^40 40 0 0
114 a^39 39 0 0
114 a^38 38 0 0
114 a^37 37 0 0
114 a^36 36 0 0
114 a^35 35 0 0
114 a^34 34 0 0
114 a^33 33 0 0
114 a^32 32 0 0
114 a^31 31 0 0
114 a^30 30 0 0
114 a^29 29 0 0
114 a^28 28 0 0
114 a^27 27 0 0
114 a^26 26 0 0
114 a^25 25 0 0
114 a^24 24 0 0
114 a^23 23 0 0
114 a^22 22 0 0
114 a^21 21 0 0
114 a^20 20 0 0
114 a^19 19 0 0
114 a^18 18 0 0
114 a^17 17 0 0
114 a^16 16 0 0
114 a^15 15 1 0
114 a^14 14 0 0
114 a^13 13 0 0
114 a^12 12 0 0
114 a^11 11 0 0
114 a^10 10 0 0
114 a^9 9 0 0
114 a^8 8 0 0
114 a^7 7 0 0
114 a^6 6 0 0
114 a^5 5 0 0
114 a^4 4 0 0
114 a^3 3 0 0
114 a^2 2 0 0
114 a 1 0 0
115 a^64 64 0 0
115 a^63 63 0 0
115 a^62 62 0 0
115 a^61 61 0 0
115 a^60 60 0 0
115 a^59 59 0 0
115 a^58 58 0 0
115 a^57 57 0 0
115 a^56 56 0 0
115 a^55 55 0 0
115 a^54 54 0 0
115 a^53 53 0 0
115 a^52 52 0 0
115 a^51 51 0 0
115 a^50 50 0 0
115 a^49 49 0 0
115 a^48 48 0 0
115 a^47 47 0 0
115 a^46 46 0 0
115 a^45 45 0 0
115 a^44 44 0 0
115 a^43 43 0 0
115 a^42 42 0 0
115 a^41 41 0 0
115 a^40 40 0 0
115 a^39 39 0 0
115 a^38 38 0 0
115 a^37 37 0 0
115 a^36 36 0 0
115 a^35 35 0 0
115 a^34 34 0 0
115 a^33 33 0 0
115 a^32 32 0 0
115 a^31 31 0 0
115 a^30 30 0 0
115 a^29 29 0 0
115 a^28 28 0 0
115 a^27 27 0 0
115 a^26 26 0 0
115 a^25 25 0 0
115 a^24 24 0 0
115 a^23 23 0 0
115 a^22 22 0 0
115 a^21 21 0 0
115 a^20 20 0 0
115 a^19 19 0 0
115 a^18 18 0 0
115 a^17 17 0 0
115 a^16 16 0 0
115 a^15 15 0 0
115 a^14 14 1 0
115 a^13 13 0 0
115 a^12 12 0 0
115 a^11 11 0 0
115 a^10 10 0 0
115 a^9 9 0 0
115 a^8 8 0 0
115 a^7 7 0 0
115 a^6 6 0 0
115 a^5 5 0 0
115 a^4 4 0 0
115 a^3 3 0 0
115 a^2 2 0 0
115 a 1 0 0
116 a^64 64 0 0
116 a^63 63 0 0
116 a^62 62 0 0
116 a^61 61 0 0
116 a^60 60 0 0
116 a^59 59 0 0
116 a^58 58 0 0
116 a^57 57 0 0
116 a^56 56 0 0
116 a^55 55 0 0
116 a^54 54 0 0
116 a^53 53 0 0
116 a^52 52 0 0
116 a^51 51 0 0
116 a^50 50 0 0
116 a^49 49 0 0
116 a^48 48 0 0
116 a^47 47 0 0
116 a^46 46 0 0
116 a^45 45 0 0
116 a^44 44 0 0
116 a^43 43 0 0
116 a^42 42 0 0
116 a^41 41 0 0
116 a^40 40 0 0
116 a^39 39 0 0
116 a^38 38 0 0
116 a^37 37 0 0
116 a^36 36 0 0
116 a^35 35 0 0
116 a^34 34 0 0
116 a^33 33 0 0
116 a^32 32 0 0
116 a^31 31 0 0
116 a^30 30 0 0
116 a^29 29 0 0
116 a^28 28 0 0
116 a^27 27 0 0
116 a^26 26 0 0
116 a^25 25 0 0
116 a^24 24 0 0
116 a^23 23 0 0
116 a^22 22 0 0
116 a^21 21 0 0
116 a^20 20 0 0
116 a^19 19 0 0
116 a^18 18 0 0
116 a^17 17 0 0
116 a^16 16 0 0
116 a^15 15 0 0
116 a^14 14 0 0
116 a^13 13 1 0
116 a^12 12 0 0
116 a^11 11 0 0
116 a^10 10 0 0
116 a^9 9 0 0
116 a^8 8 0 0
116 a^7 7 0 0
116 a^6 6 0 0
116 a^5 5 0 0
116 a^4 4 0 0
116 a^3 3 0 0
116 a^2 2 0 0
116 a 1 0 0
117 a^64 64 0 0
117 a^63 63 0 0
117 a^62 62 0 0
117 a^61 61 0 0
117 a^60 60 0 0
117 a^59 59 0 0
117 a^58 58 0 0
117 a^57 57 0 0
117 a^56 56 0 0
117 a^55 55 0 0
117 a^54 54 0 0
117 a^53 53 0 0
117 a^52 52 0 0
117 a^51 51 0 0
117 a^50 50 0 0
117 a^49 49 0 0
117 a^48 48 0 0
117 a^47 47 0 0
117 a^46 46 0 0
117 a^45 45 0 0
117 a^44 44 0 0
117 a^43 43 0 0
117 a^42 42 0 0
117 a^41 41 0 0
117 a^40 40 0 0
117 a^39 39 0 0
117 a^38 38 0 0
117 a^37 37 0 0
117 a^36 36 0 0
117 a^35 35 0 0
117 a^34 34 0 0
117 a^33 33 0 0
117 a^32 32 0 0
117 a^31 31 0 0
117 a^30 30 0 0
117 a^29 29 0 0
117 a^28 28 0 0
117 a^27 27 0 0
117 a^26 26 0 0
117 a^25 25 0 0
117 a^24 24 0 0
117 a^23 23 0 0
117 a^22 22 0 0
117 a^21 21 0 0
117 a^20 20 0 0
117 a^19 19 0 0
117 a^18 18 0 0
117 a^17 17 0 0
117 a^16 16 0 0
117 a^15 15 0 0
117 a^14 14 0 0
117 a^13 13 0 0
117 a^12 12 1 0
117 a^11 11 0 0
117 a^10 10 0 0
117 a^9 9 0 0
117 a^8 8 0 0
117 a^7 7 0 0
117 a^6 6 0 0
117 a^5 5 0 0
117 a^4 4 0 0
117 a^3 3 0 0
117 a^2 2 0 0
117 a 1 0 0
118 a^64 64 0 0
118 a^63 63 0 0
118 a^62 62 0 0
118 a^61 61 0 0
118 a^60 60 0 0
118 a^59 59 0 0
118 a^58 58 0 0
118 a^57 57 0 0
118 a^56 56 0 0
118 a^55 55 0 0
118 a^54 54 0 0
118 a^53 53 0 0
118 a^52 52 0 0
118 a^51 51 0 0
118 a^50 50 0 0
118 a^49 49 0 0
118 a^48 48 0 0
118 a^47 47 0 0
118 a^46 46 0 0
118 a^45 45 0 0
118 a^44 44 0 0
118 a^43 43 0 0
118 a^42 42 0 0
118 a^41 41 0 0
118 a^40 40 0 0
118 a^39 39 0 0
118 a^38 38 0 0
118 a^37 37 0 0
118 a^36 36 0 0
118 a^35 35 0 0
118 a^34 34 0 0
118 a^33 33 0 0
118 a^32 32 0 0
118 a^31 31 0 0
118 a^30 30 0 0
118 a^29 29 0 0
118 a^28 28 0 0
118 a^27 27 0 0
118 a^26 26 0 0
118 a^25 25 0 0
118 a^24 24 0 0
118 a^23 23 0 0
118 a^22 22 0 0
118 a^21 21 0 0
118 a^20 20 0 0
118 a^19 19 0 0
118 a^18 18 0 0
118 a^17 17 0 0
118 a^16 16 0 0
118 a^15 15 0 0
118 a^14 14 0 0
118 a^13 13 0 0
118 a^12 12 0 0
118 a^11 11 1 0
118 a^10 10 0 0
118 a^9 9 0 0
118 a^8 8 0 0
118 a^7 7 0 0
118 a^6 6 0 0
118 a^5 5 0 0
118 a^4 4 0 0
118 a^3 3 0 0
118 a^2 2 0 0
118 a 1 0 0
119 a^64 64 0 0
119 a^63 63 0 0
119 a^62 62 0 0
119 a^61 61 0 0
119 a^60 60 0 0
119 a^59 59 0 0
119 a^58 58 0 0
119 a^57 57 0 0
119 a^56 56 0 0
119 a^55 55 0 0
119 a^54 54 0 0
119 a^53 53 0 0
119 a^52 52 0 0
119 a^51 51 0 0
119 a^50 50 0 0
119 a^49 49 0 0
119 a^48 48 0 0
119 a^47 47 0 0
119 a^46 46 0 0
119 a^45 45 0 0
119 a^44 44 0 0
119 a^43 43 0 0
119 a^42 42 0 0
119 a^41 41 0 0
119 a^40 40 0 0
119 a^39 39 0 0
119 a^38 38 0 0
119 a^37 37 0 0
119 a^36 36 0 0
119 a^35 35 0 0
119 a^34 34 0 0
119 a^33 33 0 0
119 a^32 32 0 0
119 a^31 31 0 0
119 a^30 30 0 0
119 a^29 29 0 0
119 a^28 28 0 0
119 a^27 27 0 0
119 a^26 26 0 0
119 a^25 25 0 0
119 a^24 24 0 0
119 a^23 23 0 0
119 a^22 22 0 0
119 a^21 21 0 0
119 a^20 20 0 0
119 a^19 19 0 0
119 a^18 18 0 0
119 a^17 17 0 0
119 a^16 16 0 0
119 a^15 15 0 0
119 a^14 14 0 0
119 a^13 13 0 0
119 a^12 12 0 0
119 a^11 11 0 0
119 a^10 10 1 0
119 a^9 9 0 0
119 a^8 8 0 0
119 a^7 7 0 0
119 a^6 6 0 0
119 a^5 5 0 0
119 a^4 4 0 0
119 a^3 3 0 0
119 a^2 2 0 0
119 a 1 0 0
120 a^64 64 0 0
120 a^63 63 0 0
120 a^62 62 0 0
120 a^61 61 0 0
120 a^60 60 0 0
120 a^59 59 0 0
120 a^58 58 0 0
120 a^57 57 0 0
120 a^56 56 0 0
120 a^55 55 0 0
120 a^54 54 0 0
120 a^53 53 0 0
120 a^52 52 0 0
120 a^51 51 0 0
120 a^50 50 0 0
120 a^49 49 0 0
120 a^48 48 0 0
120 a^47 47 0 0
120 a^46 46 0 0
120 a^45 45 0 0
120 a^44 44 0 0
120 a^43 43 0 0
120 a^42 42 0 0
120 a^41 41 0 0
120 a^40 40 0 0
120 a^39 39 0 0
120 a^38 38 0 0
120 a^37 37 0 0
120 a^36 36 0 0
120 a^35 35 0 0
120 a^34 34 0 0
120 a^33 33 0 0
120 a^32 32 0 0
120 a^31 31 0 0
120 a^30 30 0 0
120 a^29 29 0 0
120 a^28 28 0 0
120 a^27 27 0 0
120 a^26 26 0 0
120 a^25 25 0 0
120 a^24 24 0 0
120 a^23 23 0 0
120 a^22 22 0 0
120 a^21 21 0 0
120 a^20 20 0 0
120 a^19 19 0 0
120 a^18 18 0 0
120 a^17 17 0 0
120 a^16 16 0 0
120 a^15 15 0 0
120 a^14 14 0 0
120 a^13 13 0 0
120 a^12 12 0 0
120 a^11 11 0 0
120 a^10 10 0 0
120 a^9 9 1 0
120 a^8 8 0 0
120 a^7 7 0 0
120 a^6 6 0 0
120 a^5 5 0 0
120 a^4 4 0 0
120 a^3 3 0 0
120 a^2 2 0 0
120 a 1 0 0
121 a^64 64 0 0
121 a^63 63 0 0
121 a^62 62 0 0
121 a^61 61 0 0
121 a^60 60 0 0
121 a^59 59 0 0
121 a^58 58 0 0
121 a^57 57 0 0
121 a^56 56 0 0
121 a^55 55 0 0
121 a^54 54 0 0
121 a^53 53 0 0
121 a^52 52 0 0
121 a^51 51 0 0
121 a^50 50 0 0
121 a^49 49 0 0
121 a^48 48 0 0
121 a^47 47 0 0
121 a^46 46 0 0
121 a^45 45 0 0
121 a^44 44 0 0
121 a^43 43 0 0
121 a^42 42 0 0
121 a^41 41 0 0
121 a^40 40 0 0
121 a^39 39 0 0
121 a^38 38 0 0
121 a^37 37 0 0
121 a^36 36 0 0
121 a^35 35 0 0
121 a^34 34 0 0
121 a^33 33 0 0
121 a^32 32 0 0
121 a^31 31 0 0
121 a^30 30 0 0
121 a^29 29 0 0
121 a^28 28 0 0
121 a^27 27 0 0
121 a^26 26 0 0
121 a^25 25 0 0
121 a^24 24 0 0
121 a^23 23 0 0
121 a^22 22 0 0
121 a^21 21 0 0
121 a^20 20 0 0
121 a^19 19 0 0
121 a^18 18 0 0
121 a^17 17 0 0
121 a^16 16 0 0
121 a^15 15 0 0
121 a^14 14 0 0
121 a^13 13 0 0
121 a^12 12 0 0
121 a^11 11 0 0
121 a^10 10 0 0
121 a^9 9 0 0
121 a^8 8 1 0
121 a^7 7 0 0
121 a^6 6 0 0
121 a^5 5 0 0
121 a^4 4 0 0
121 a^3 3 0 0
121 a^2 2 0 0
121 a 1 0 0
122 a^64 64 0 0
122 a^63 63 0 0
122 a^62 62 0 0
122 a^61 61 0 0
122 a^60 60 0 0
122 a^59 59 0 0
122 a^58 58 0 0
122 a^57 57 0 0
122 a^56 56 0 0
122 a^55 55 0 0
122 a^54 54 0 0
122 a^53 53 0 0
122 a^52 52 0 0
122 a^51 51 0 0
122 a^50 50 0 0
122 a^49 49 0 0
122 a^48 48 0 0
122 a^47 47 0 0
122 a^46 46 0 0
122 a^45 45 0 0
122 a^44 44 0 0
122 a^43 43 0 0
122 a^42 42 0 0
122 a^41 41 0 0
122 a^40 40 0 0
122 a^39 39 0 0
122 a^38 38 0 0
122 a^37 37 0 0
122 a^36 36 0 0
122 a^35 35 0 0
122 a^34 34 0 0
122 a^33 33 0 0
122 a^32 32 0 0
122 a^31 31 0 0
122 a^30 30 0 0
122 a^29 29 0 0
122 a^28 28 0 0
122 a^27 27 0 0
122 a^26 26 0 0
122 a^25 25 0 0
122 a^24 24 0 0
122 a^23 23 0 0
122 a^22 22 0 0
122 a^21 21 0 0
122 a^20 20 0 0
122 a^19 19 0 0
122 a^18 18 0 0
122 a^17 17 0 0
122 a^16 16 0 0
122 a^15 15 0 0
122 a^14 14 0 0
122 a^13 13 0 0
122 a^12 12 0 0
122 a^11 11 0 0
122 a^10 10 0 0
122 a^9 9 0 0
122 a^8 8 0 0
122 a^7 7 1 0
122 a^6 6 0 0
122 a^5 5 0 0
122 a^4 4 0 0
122 a^3 3 0 0
122 a^2 2 0 0
122 a 1 0 0
123 a^64 64 0 0
123 a^63 63 0 0
123 a^62 62 0 0
123 a^61 61 0 0
123 a^60 60 0 0
123 a^59 59 0 0
123 a^58 58 0 0
123 a^57 57 0 0
123 a^56 56 0 0
123 a^55 55 0 0
123 a^54 54 0 0
123 a^53 53 0 0
123 a^52 52 0 0
123 a^51 51 0 0
123 a^50 50 0 0
123 a^49 49 0 0
123 a^48 48 0 0
123 a^47 47 0 0
123 a^46 46 0 0
123 a^45 45 0 0
123 a^44 44 0 0
123 a^43 43 0 0
123 a^42 42 0 0
123 a^41 41 0 0
123 a^40 40 0 0
123 a^39 39 0 0
123 a^38 38 0 0
123 a^37 37 0 0
123 a^36 36 0 0
123 a^35 35 0 0
123 a^34 34 0 0
123 a^33 33 0 0
123 a^32 32 0 0
123 a^31 31 0 0
123 a^30 30 0 0
123 a^29 29 0 0
123 a^28 28 0 0
123 a^27 27 0 0
123 a^26 26 0 0
123 a^25 25 0 0
123 a^24 24 0 0
123 a^23 23 0 0
123 a^22 22 0 0
123 a^21 21 0 0
123 a^20 20 0 0
123 a^19 19 0 0
123 a^18 18 0 0
123 a^17 17 0 0
123 a^16 16 0 0
123 a^15 15 0 0
123 a^14 14 0 0
123 a^13 13 0 0
123 a^12 12 0 0
123 a^11 11 0 0
123 a^10 10 0 0
123 a^9 9 0 0
123 a^8 8 0 0
123 a^7 7 0 0
123 a^6 6 1 0
123 a^5 5 0 0
123 a^4 4 0 0
123 a^3 3 0 0
123 a^2 2 0 0
123 a 1 0 0
124 a^64 64 0 0
124 a^63 63 0 0
124 a^62 62 0 0
124 a^61 61 0 0
124 a^60 60 0 0
124 a^59 59 0 0
124 a^58 58 0 0
124 a^57 57 0 0
124 a^56 56 0 0
124 a^55 55 0 0
124 a^54 54 0 0
124 a^53 53 0 0
124 a^52 52 0 0
124 a^51 51 0 0
124 a^50 50 0 0
124 a^49 49 0 0
124 a^48 48 0 0
124 a^47 47 0 0
124 a^46 46 0 0
124 a^45 45 0 0
124 a^44 44 0 0
124 a^43 43 0 0
124 a^42 42 0 0
124 a^41 41 0 0
124 a^40 40 0 0
124 a^39 39 0 0
124 a^38 38 0 0
124 a^37 37 0 0
124 a^36 36 0 0
124 a^35 35 0 0
124 a^34 34 0 0
124 a^33 33 0 0
124 a^32 32 0 0
124 a^31 31 0 0
124 a^30 30 0 0
124 a^29 29 0 0
124 a^28 28 0 0
124 a^27 27 0 0
124 a^26 26 0 0
124 a^25 25 0 0
124 a^24 24 0 0
124 a^23 23 0 0
124 a^22 22 0 0
124 a^21 21 0 0
124 a^20 20 0 0
124 a^19 19 0 0
124 a^18 18 0 0
124 a^17 17 0 0
124 a^16 16 0 0
124 a^15 15 0 0
124 a^14 14 0 0
124 a^13 13 0 0
124 a^12 12 0 0
124 a^11 11 0 0
124 a^10 10 0 0
124 a^9 9 0 0
124 a^8 8 0 0
124 a^7 7 0 0
124 a^6 6 0 0
124 a^5 5 1 0
124 a^4 4 0 0
124 a^3 3 0 0
124 a^2 2 0 0
124 a 1 0 0
125 a^64 64 0 0
125 a^63 63 0 0
125 a^62 62 0 0
125 a^61 61 0 0
125 a^60 60 0 0
125 a^59 59 0 0
125 a^58 58 0 0
125 a^57 57 0 0
125 a^56 56 0 0
125 a^55 55 0 0
125 a^54 54 0 0
125 a^53 53 0 0
125 a^52 52 0 0
125 a^51 51 0 0
125 a^50 50 0 0
125 a^49 49 0 0
125 a^48 48 0 0
125 a^47 47 0 0
125 a^46 46 0 0
125 a^45 45 0 0
125 a^44 44 0 0
125 a^43 43 0 0
125 a^42 42 0 0
125 a^41 41 0 0
125 a^40 40 0 0
125 a^39 39 0 0
125 a^38 38 0 0
125 a^37 37 0 0
125 a^36 36 0 0
125 a^35 35 0 0
125 a^34 34 0 0
125 a^33 33 0 0
125 a^32 32 0 0
125 a^31 31 0 0
125 a^30 30 0 0
125 a^29 29 0 0
125 a^28 28 0 0
125 a^27 27 0 0
125 a^26 26 0 0
125 a^25 25 0 0
125 a^24 24 0 0
125 a^23 23 0 0
125 a^22 22 0 0
125 a^21 21 0 0
125 a^20 20 0 0
125 a^19 19 0 0
125 a^18 18 0 0
125 a^17 17 0 0
125 a^16 16 0 0
125 a^15 15 0 0
125 a^14 14 0 0
125 a^13 13 0 0
125 a^12 12 0 0
125 a^11 11 0 0
125 a^10 10 0 0
125 a^9 9 0 0
125 a^8 8 0 0
125 a^7 7 0 0
125 a^6 6 0 0
125 a^5 5 0 0
125 a^4 4 1 0
125 a^3 3 0 0
125 a^2 2 0 0
125 a 1 0 0
126 a^64 64 0 0
126 a^63 63 0 0
126 a^62 62 0 0
126 a^61 61 0 0
126 a^60 60 0 0
126 a^59 59 0 0
126 a^58 58 0 0
126 a^57 57 0 0
126 a^56 56 0 0
126 a^55 55 0 0
126 a^54 54 0 0
126 a^53 53 0 0
126 a^52 52 0 0
126 a^51 51 0 0
126 a^50 50 0 0
126 a^49 49 0 0
126 a^48 48 0 0
126 a^47 47 0 0
126 a^46 46 0 0
126 a^45 45 0 0
126 a^44 44 0 0
126 a^43 43 0 0
126 a^42 42 0 0
126 a^41 41 0 0
126 a^40 40 0 0
126 a^39 39 0 0
126 a^38 38 0 0
126 a^37 37 0 0
126 a^36 36 0 0
126 a^35 35 0 0
126 a^34 34 0 0
126 a^33 33 0 0
126 a^32 32 0 0
126 a^31 31 0 0
126 a^30 30 0 0
126 a^29 29 0 0
126 a^28 28 0 0
126 a^27 27 0 0
126 a^26 26 0 0
126 a^25 25 0 0
126 a^24 24 0 0
126 a^23 23 0 0
126 a^22 22 0 0
126 a^21 21 0 0
126 a^20 20 0 0
126 a^19 19 0 0
126 a^18 18 0 0
126 a^17 17 0 0
126 a^16 16 0 0
126 a^15 15 0 0
126 a^14 14 0 0
126 a^13 13 0 0
126 a^12 12 0 0
126 a^11 11 0 0
126 a^10 10 0 0
126 a^9 9 0 0
126 a^8 8 0 0
126 a^7 7 0 0
126 a^6 6 0 0
126 a^5 5 0 0
126 a^4 4 0 0
126 a^3 3 1 0
126 a^2 2 0 0
126 a 1 0 0
127 a^64 64 0 0
127 a^63 63 0 0
127 a^62 62 0 0
127 a^61 61 0 0
127 a^60 60 0 0
127 a^59 59 0 0
127 a^58 58 0 0
127 a^57 57 0 0
127 a^56 56 0 0
127 a^55 55 0 0
127 a^54 54 0 0
127 a^53 53 0 0
127 a^52 52 0 0
127 a^51 51 0 0
127 a^50 50 0 0
127 a^49 49 0 0
127 a^48 48 0 0
127 a^47 47 0 0
127 a^46 46 0 0
127 a^45 45 0 0
127 a^44 44 0 0
127 a^43 43 0 0
127 a^42 42 0 0
127 a^41 41 0 0
127 a^40 40 0 0
127 a^39 39 0 0
127 a^38 38 0 0
127 a^37 37 0 0
127 a^36 36 0 0
127 a^35 35 0 0
127 a^34 34 0 0
127 a^33 33 0 0
127 a^32 32 0 0
127 a^31 31 0 0
127 a^30 30 0 0
127 a^29 29 0 0
127 a^28 28 0 0
127 a^27 27 0 0
127 a^26 26 0 0
127 a^25 25 0 0
127 a^24 24 0 0
127 a^23 23 0 0
127 a^22 22 0 0
127 a^21 21 0 0
127 a^20 20 0 0
127 a^19 19 0 0
127 a^18 18 0 0
127 a^17 17 0 0
127 a^16 16 0 0
127 a^15 15 0 0
127 a^14 14 0 0
127 a^13 13 0 0
127 a^12 12 0 0
127 a^11 11 0 0
127 a^10 10 0 0
127 a^9 9 0 0
127 a^8 8 0 0
127 a^7 7 0 0
127 a^6 6 0 0
127 a^5 5 0 0
127 a^4 4 0 0
127 a^3 3 0 0
127 a^2 2 1 0
127 a 1 0 0
128 a^64 64 0 0
128 a^63 63 0 0
128 a^62 62 0 0
128 a^61 61 0 0
128 a^60 60 0 0
128 a^59 59 0 0
128 a^58 58 0 0
128 a^57 57 0 0
128 a^56 56 0 0
128 a^55 55 0 0
128 a^54 54 0 0
128 a^53 53 0 0
128 a^52 52 0 0
128 a^51 51 0 0
128 a^50 50 0 0
128 a^49 49 0 0
128 a^48 48 0 0
128 a^47 47 0 0
128 a^46 46 0 0
128 a^45 45 0 0
128 a^44 44 0 0
128 a^43 43 0 0
128 a^42 42 0 0
128 a^41 41 0 0
128 a^40 40 0 0
128 a^39 39 0 0
128 a^38 38 0 0
128 a^37 37 0 0
128 a^36 36 0 0
128 a^35 35 0 0
128 a^34 34 0 0
128 a^33 33 0 0
128 a^32 32 0 0
128 a^31 31 0 0
128 a^30 30 0 0
128 a^29 29 0 0
128 a^28 28 0 0
128 a^27 27 0 0
128 a^26 26 0 0
128 a^25 25 0 0
128 a^24 24 0 0
128 a^23 23 0 0
128 a^22 22 0 0
128 a^21 21 0 0
128 a^20 20 0 0
128 a^19 19 0 0
128 a^18 18 0 0
128 a^17 17 0 0
128 a^16 16 0 0
128 a^15 15 0 0
128 a^14 14 0 0
128 a^13 13 0 0
128 a^12 12 0 0
128 a^11 11 0 0
128 a^10 10 0 0
128 a^9 9 0 0
128 a^8 8 0 0
128 a^7 7 0 0
128 a^6 6 0 0
128 a^5 5 0 0
128 a^4 4 0 0
128 a^3 3 0 0
128 a^2 2 0 0
128 a 1 1 0
in{0}
in{1}
in{2}
in{3}
in{4}
in{5}
in{6}
in{7}
in{8}
in{9}
in{10}
in{11}
in{12}
in{13}
in{14}
in{15}
in{16}
in{17}
in{18}
in{19}
in{20}
in{21}
in{22}
in{23}
in{24}
in{25}
in{26}
in{27}
in{28}
in{29}
in{30}
in{31}
in{32}
in{33}
in{34}
in{35}
in{36}
in{37}
in{38}
in{39}
in{40}
in{41}
in{42}
in{43}
in{44}
in{45}
in{46}
in{47}
in{48}
in{49}
in{50}
in{51}
in{52}
in{53}
in{54}
in{55}
in{56}
in{57}
in{58}
in{59}
in{60}
in{61}
in{62}
in{63}
mid{0}
mid{1}
mid{2}
mid{3}
mid{4}
mid{5}
mid{6}
mid{7}
mid{8}
mid{9}
mid{10}
mid{11}
mid{12}
mid{13}
mid{14}
mid{15}
mid{16}
mid{17}
mid{18}
mid{19}
mid{20}
mid{21}
mid{22}
mid{23}
mid{24}
mid{25}
mid{26}
mid{27}
mid{28}
mid{29}
mid{30}
mid{31}
mid{32}
mid{33}
mid{34}
mid{35}
mid{36}
mid{37}
mid{38}
mid{39}
mid{40}
mid{41}
mid{42}
mid{43}
mid{44}
mid{45}
mid{46}
mid{47}
mid{48}
mid{49}
mid{50}
mid{51}
mid{52}
mid{53}
mid{54}
mid{55}
mid{56}
mid{57}
mid{58}
mid{59}
mid{60}
mid{61}
mid{62}
mid{63}
out{0}
out{1}
out{2}
out{3}
out{4}
out{5}
out{6}
out{7}
out{8}
out{9}
out{10}
out{11}
out{12}
out{13}
out{14}
out{15}
out{16}
out{17}
out{18}
out{19}
out{20}
out{21}
out{22}
out{23}
out{24}
out{25}
out{26}
out{27}
out{28}
out{29}
out{30}
out{31}
out{32}
out{33}
out{34}
out{35}
out{36}
out{37}
out{38}
out{39}
out{40}
out{41}
out{42}
out{43}
out{44}
out{45}
out{46}
out{47}
out{48}
out{49}
out{50}
out{51}
out{52}
out{53}
out{54}
out{55}
out{56}
out{57}
out{58}
out{59}
out{60}
out{61}
out{62}
out{63}
-1
65 66 67 68 69 70 71 72 73 74 75 76 77 78 79 80 81 82 83 84 85 86 87 88 89 90 91 92 93 94 95 96 97 98 99 100 101 102 103 104 105 106 107 108 109 110 111 112 113 114 115 116 117 118 119 120 121 122 123 124 125 126 127 128 
65 66 67 68 69 70 71 72 73 74 75 76 77 78 79 80 81 82 83 84 85 86 87 88 89 90 91 92 93 94 95 96 97 98 99 100 101 102 103 104 105 106 107 108 109 110 111 112 113 114 115 116 117 118 119 120 121 122 123 124 125 126 127 128 
65 66 67 68 69 70 71 72 73 74 75 76 77 78 79 80 81 82 83 84 85 86 87 88 89 90 91 92 93 94 95 96 97 98 99 100 101 102 103 104 105 106 107 108 109 110 111 112 113 114 115 116 117 118 119 120 121 122 123 124 125 126 127 128 
65 66 67 68 69 70 71 72 73 74 75 76 77 78 79 80 81 82 83 84 85 86 87 88 89 90 91 92 93 94 95 96 97 98 99 100 101 102 103 104 105 106 107 108 109 110 111 112 113 114 115 116 117 118 119 120 121 122 123 124 125 126 127 128 
65 66 67 68 69 70 71 72 73 74 75 76 77 78 79 80 81 82 83 84 85 86 87 88 89 90 91 92 93 94 95 96 97 98 99 100 101 102 103 104 105 106 107 108 109 110 111 112 113 114 115 116 117 118 119 120 121 122 123 124 125 126 127 128 
65 66 67 68 69 70 71 72 73 74 75 76 77 78 79 80 81 82 83 84 85 86 87 88 89 90 91 92 93 94 95 96 97 98 99 100 101 102 103 104 105 106 107 108 109 110 111 112 113 114 115 116 117 118 119 120 121 122 123 124 125 126 127 128 
65 66 67 68 69 70 71 72 73 74 75 76 77 78 79 80 81 82 83 84 85 86 87 88 89 90 91 92 93 94 95 96 97 98 99 100 101 102 103 104 105 106 107 108 109 110 111 112 113 114 115 116 117 118 119 120 121 122 123 124 125 126 127 128 
65 66 67 68 69 70 71 72 73 74 75 76 77 78 79 80 81 82 83 84 85 86 87 88 89 90 91 92 93 94 95 96 97 98 99 100 101 102 103 104 105 106 107 108 109 110 111 112 113 114 115 116 117 118 119 120 121 122 123 124 125 126 127 128 
65 66 67 68 69 70 71 72 73 74 75 76 77 78 79 80 81 82 83 84 85 86 87 88 89 90 91 92 93 94 95 96 97 98 99 100 101 102 103 104 105 106 107 108 109 110 111 112 113 114 115 116 117 118 119 120 121 122 123 124 125 126 127 128 
65 66 67 68 69 70 71 72 73 74 75 76 77 78 79 80 81 82 83 84 85 86 87 88 89 90 91 92 93 94 95 96 97 98 99 100 101 102 103 104 105 106 107 108 109 110 111 112 113 114 115 116 117 118 119 120 121 122 123 124 125 126 127 128 
65 66 67 68 69 70 71 72 73 74 75 76 77 78 79 80 81 82 83 84 85 86 87 88 89 90 91 92 93 94 95 96 97 98 99 100 101 102 103 104 105 106 107 108 109 110 111 112 113 114 115 116 117 118 119 120 121 122 123 124 125 126 127 128 
65 66 67 68 69 70 71 72 73 74 75 76 77 78 79 80 81 82 83 84 85 86 87 88 89 90 91 92 93 94 95 96 97 98 99 100 101 102 103 104 105 106 107 108 109 110 111 112 113 114 115 116 117 118 119 120 121 122 123 124 125 126 127 128 
65 66 67 68 69 70 71 72 73 74 75 76 77 78 79 80 81 82 83 84 85 86 87 88 89 90 91 92 93 94 95 96 97 98 99 100 101 102 103 104 105 106 107 108 109 110 111 112 113 114 115 116 117 118 119 120 121 122 123 124 125 126 127 128 
65 66 67 68 69 70 71 72 73 74 75 76 77 78 79 80 81 82 83 84 85 86 87 88 89 90 91 92 93 94 95 96 97 98 99 100 101 102 103 104 105 106 107 108 109 110 111 112 113 114 115 116 117 118 119 120 121 122 123 124 125 126 127 128 
65 66 67 68 69 70 71 72 73 74 75 76 77 78 79 80 81 82 83 84 85 86 87 88 89 90 91 92 93 94 95 96 97 98 99 100 101 102 103 104 105 106 107 108 109 110 111 112 113 114 115 116 117 118 119 120 121 122 123 124 125 126 127 128 
65 66 67 68 69 70 71 72 73 74 75 76 77 78 79 80 81 82 83 84 85 86 87 88 89 90 91 92 93 94 95 96 97 98 99 100 101 102 103 104 105 106 107 108 109 110 111 112 113 114 115 116 117 118 119 120 121 122 123 124 125 126 127 128 
65 66 67 68 69 70 71 72 73 74 75 76 77 78 79 80 81 82 83 84 85 86 87 88 89 90 91 92 93 94 95 96 97 98 99 100 101 102 103 104 105 106 107 108 109 110 111 112 113 114 115 116 117 118 119 120 121 122 123 124 125 126 127 128 
65 66 67 68 69 70 71 72 73 74 75 76 77 78 79 80 81 82 83 84 85 86 87 88 89 90 91 92 93 94 95 96 97 98 99 100 101 102 103 104 105 106 107 108 109 110 111 112 113 114 115 116 117 118 119 120 121 122 123 124 125 126 127 128 
65 66 67 68 69 70 71 72 73 74 75 76 77 78 79 80 81 82 83 84 85 86 87 88 89 90 91 92 93 94 95 96 97 98 99 100 101 102 103 104 105 106 107 108 109 110 111 112 113 114 115 116 117 118 119 120 121 122 123 124 125 126 127 128 
65 66 67 68 69 70 71 72 73 74 75 76 77 78 79 80 81 82 83 84 85 86 87 88 89 90 91 92 93 94 95 96 97 98 99 100 101 102 103 104 105 106 107 108 109 110 111 112 113 114 115 116 117 118 119 120 121 122 123 124 125 126 127 128 
65 66 67 68 69 70 71 72 73 74 75 76 77 78 79 80 81 82 83 84 85 86 87 88 89 90 91 92 93 94 95 96 97 98 99 100 101 102 103 104 105 106 107 108 109 110 111 112 113 114 115 116 117 118 119 120 121 122 123 124 125 126 127 128 
65 66 67 68 69 70 71 72 73 74 75 76 77 78 79 80 81 82 83 84 85 86 87 88 89 90 91 92 93 94 95 96 97 98 99 100 101 102 103 104 105 106 107 108 109 110 111 112 113 114 115 116 117 118 119 120 121 122 123 124 125 126 127 128 
65 66 67 68 69 70 71 72 73 74 75 76 77 78 79 80 81 82 83 84 85 86 87 88 89 90 91 92 93 94 95 96 97 98 99 100 101 102 103 104 105 106 107 108 109 110 111 112 113 114 115 116 117 118 119 120 121 122 123 124 125 126 127 128 
65 66 67 68 69 70 71 72 73 74 75 76 77 78 79 80 81 82 83 84 85 86 87 88 89 90 91 92 93 94 95 96 97 98 99 100 101 102 103 104 105 106 107 108 109 110 111 112 113 114 115 116 117 118 119 120 121 122 123 124 125 126 127 128 
65 66 67 68 69 70 71 72 73 74 75 76 77 78 79 80 81 82 83 84 85 86 87 88 89 90 91 92 93 94 95 96 97 98 99 100 101 102 103 104 105 106 107 108 109 110 111 112 113 114 115 116 117 118 119 120 121 122 123 124 125 126 127 128 
65 66 67 68 69 70 71 72 73 74 75 76 77 78 79 80 81 82 83 84 85 86 87 88 89 90 91 92 93 94 95 96 97 98 99 100 101 102 103 104 105 106 107 108 109 110 111 112 113 114 115 116 117 118 119 120 121 122 123 124 125 126 127 128 
65 66 67 68 69 70 71 72 73 74 75 76 77 78 79 80 81 82 83 84 85 86 87 88 89 90 91 92 93 94 95 96 97 98 99 100 101 102 103 104 105 106 107 108 109 110 111 112 113 114 115 116 117 118 119 120 121 122 123 124 125 126 127 128 
65 66 67 68 69 70 71 72 73 74 75 76 77 78 79 80 81 82 83 84 85 86 87 88 89 90 91 92 93 94 95 96 97 98 99 100 101 102 103 104 105 106 107 108 109 110 111 112 113 114 115 116 117 118 119 120 121 122 123 124 125 126 127 128 
65 66 67 68 69 70 71 72 73 74 75 76 77 78 79 80 81 82 83 84 85 86 87 88 89 90 91 92 93 94 95 96 97 98 99 100 101 102 103 104 105 106 107 108 109 110 111 112 113 114 115 116 117 118 119 120 121 122 123 124 125 126 127 128 
65 66 67 68 69 70 71 72 73 74 75 76 77 78 79 80 81 82 83 84 85 86 87 88 89 90 91 92 93 94 95 96 97 98 99 100 101 102 103 104 105 106 107 108 109 110 111 112 113 114 115 116 117 118 119 120 121 122 123 124 125 126 127 128 
65 66 67 68 69 70 71 72 73 74 75 76 77 78 79 80 81 82 83 84 85 86 87 88 89 90 91 92 93 94 95 96 97 98 99 100 101 102 103 104 105 106 107 108 109 110 111 112 113 114 115 116 117 118 119 120 121 122 123 124 125 126 127 128 
65 66 67 68 69 70 71 72 73 74 75 76 77 78 79 80 81 82 83 84 85 86 87 88 89 90 91 92 93 94 95 96 97 98 99 100 101 102 103 104 105 106 107 108 109 110 111 112 113 114 115 116 117 118 119 120 121 122 123 124 125 126 127 128 
65 66 67 68 69 70 71 72 73 74 75 76 77 78 79 80 81 82 83 84 85 86 87 88 89 90 91 92 93 94 95 96 97 98 99 100 101 102 103 104 105 106 107 108 109 110 111 112 113 114 115 116 117 118 119 120 121 122 123 124 125 126 127 128 
65 66 67 68 69 70 71 72 73 74 75 76 77 78 79 80 81 82 83 84 85 86 87 88 89 90 91 92 93 94 95 96 97 98 99 100 101 102 103 104 105 106 107 108 109 110 111 112 113 114 115 116 117 118 119 120 121 122 123 124 125 126 127 128 
65 66 67 68 69 70 71 72 73 74 75 76 77 78 79 80 81 82 83 84 85 86 87 88 89 90 91 92 93 94 95 96 97 98 99 100 101 102 103 104 105 106 107 108 109 110 111 112 113 114 115 116 117 118 119 120 121 122 123 124 125 126 127 128 
65 66 67 68 69 70 71 72 73 74 75 76 77 78 79 80 81 82 83 84 85 86 87 88 89 90 91 92 93 94 95 96 97 98 99 100 101 102 103 104 105 106 107 108 109 110 111 112 113 114 115 116 117 118 119 120 121 122 123 124 125 126 127 128 
65 66 67 68 69 70 71 72 73 74 75 76 77 78 79 80 81 82 83 84 85 86 87 88 89 90 91 92 93 94 95 96 97 98 99 100 101 102 103 104 105 106 107 108 109 110 111 112 113 114 115 116 117 118 119 120 121 122 123 124 125 126 127 128 
65 66 67 68 69 70 71 72 73 74 75 76 77 78 79 80 81 82 83 84 85 86 87 88 89 90 91 92 93 94 95 96 97 98 99 100 101 102 103 104 105 106 107 108 109 110 111 112 113 114 115 116 117 118 119 120 121 122 123 124 125 126 127 128 
65 66 67 68 69 70 71 72 73 74 75 76 77 78 79 80 81 82 83 84 85 86 87 88 89 90 91 92 93 94 95 96 97 98 99 100 101 102 103 104 105 106 107 108 109 110 111 112 113 114 115 116 117 118 119 120 121 122 123 124 125 126 127 128 
65 66 67 68 69 70 71 72 73 74 75 76 77 78 79 80 81 82 83 84 85 86 87 88 89 90 91 92 93 94 95 96 97 98 99 100 101 102 103 104 105 106 107 108 109 110 111 112 113 114 115 116 117 118 119 120 121 122 123 124 125 126 127 128 
65 66 67 68 69 70 71 72 73 74 75 76 77 78 79 80 81 82 83 84 85 86 87 88 89 90 91 92 93 94 95 96 97 98 99 100 101 102 103 104 105 106 107 108 109 110 111 112 113 114 115 116 117 118 119 120 121 122 123 124 125 126 127 128 
65 66 67 68 69 70 71 72 73 74 75 76 77 78 79 80 81 82 83 84 85 86 87 88 89 90 91 92 93 94 95 96 97 98 99 100 101 102 103 104 105 106 107 108 109 110 111 112 113 114 115 116 117 118 119 120 121 122 123 124 125 126 127 128 
65 66 67 68 69 70 71 72 73 74 75 76 77 78 79 80 81 82 83 84 85 86 87 88 89 90 91 92 93 94 95 96 97 98 99 100 101 102 103 104 105 106 107 108 109 110 111 112 113 114 115 116 117 118 119 120 121 122 123 124 125 126 127 128 
65 66 67 68 69 70 71 72 73 74 75 76 77 78 79 80 81 82 83 84 85 86 87 88 89 90 91 92 93 94 95 96 97 98 99 100 101 102 103 104 105 106 107 108 109 110 111 112 113 114 115 116 117 118 119 120 121 122 123 124 125 126 127 128 
65 66 67 68 69 70 71 72 73 74 75 76 77 78 79 80 81 82 83 84 85 86 87 88 89 90 91 92 93 94 95 96 97 98 99 100 101 102 103 104 105 106 107 108 109 110 111 112 113 114 115 116 117 118 119 120 121 122 123 124 125 126 127 128 
65 66 67 68 69 70 71 72 73 74 75 76 77 78 79 80 81 82 83 84 85 86 87 88 89 90 91 92 93 94 95 96 97 98 99 100 101 102 103 104 105 106 107 108 109 110 111 112 113 114 115 116 117 118 119 120 121 122 123 124 125 126 127 128 
65 66 67 68 69 70 71 72 73 74 75 76 77 78 79 80 81 82 83 84 85 86 87 88 89 90 91 92 93 94 95 96 97 98 99 100 101 102 103 104 105 106 107 108 109 110 111 112 113 114 115 116 117 118 119 120 121 122 123 124 125 126 127 128 
65 66 67 68 69 70 71 72 73 74 75 76 77 78 79 80 81 82 83 84 85 86 87 88 89 90 91 92 93 94 95 96 97 98 99 100 101 102 103 104 105 106 107 108 109 110 111 112 113 114 115 116 117 118 119 120 121 122 123 124 125 126 127 128 
65 66 67 68 69 70 71 72 73 74 75 76 77 78 79 80 81 82 83 84 85 86 87 88 89 90 91 92 93 94 95 96 97 98 99 100 101 102 103 104 105 106 107 108 109 110 111 112 113 114 115 116 117 118 119 120 121 122 123 124 125 126 127 128 
65 66 67 68 69 70 71 72 73 74 75 76 77 78 79 80 81 82 83 84 85 86 87 88 89 90 91 92 93 94 95 96 97 98 99 100 101 102 103 104 105 106 107 108 109 110 111 112 113 114 115 116 117 118 119 120 121 122 123 124 125 126 127 128 
65 66 67 68 69 70 71 72 73 74 75 76 77 78 79 80 81 82 83 84 85 86 87 88 89 90 91 92 93 94 95 96 97 98 99 100 101 102 103 104 105 106 107 108 109 110 111 112 113 114 115 116 117 118 119 120 121 122 123 124 125 126 127 128 
65 66 67 68 69 70 71 72 73 74 75 76 77 78 79 80 81 82 83 84 85 86 87 88 89 90 91 92 93 94 95 96 97 98 99 100 101 102 103 104 105 106 107 108 109 110 111 112 113 114 115 116 117 118 119 120 121 122 123 124 125 126 127 128 
65 66 67 68 69 70 71 72 73 74 75 76 77 78 79 80 81 82 83 84 85 86 87 88 89 90 91 92 93 94 95 96 97 98 99 100 101 102 103 104 105 106 107 108 109 110 111 112 113 114 115 116 117 118 119 120 121 122 123 124 125 126 127 128 
65 66 67 68 69 70 71 72 73 74 75 76 77 78 79 80 81 82 83 84 85 86 87 88 89 90 91 92 93 94 95 96 97 98 99 100 101 102 103 104 105 106 107 108 109 110 111 112 113 114 115 116 117 118 119 120 121 122 123 124 125 126 127 128 
65 66 67 68 69 70 71 72 73 74 75 76 77 78 79 80 81 82 83 84 85 86 87 88 89 90 91 92 93 94 95 96 97 98 99 100 101 102 103 104 105 106 107 108 109 110 111 112 113 114 115 116 117 118 119 120 121 122 123 124 125 126 127 128 
65 66 67 68 69 70 71 72 73 74 75 76 77 78 79 80 81 82 83 84 85 86 87 88 89 90 91 92 93 94 95 96 97 98 99 100 101 102 103 104 105 106 107 108 109 110 111 112 113 114 115 116 117 118 119 120 121 122 123 124 125 126 127 128 
65 66 67 68 69 70 71 72 73 74 75 76 77 78 79 80 81 82 83 84 85 86 87 88 89 90 91 92 93 94 95 96 97 98 99 100 101 102 103 104 105 106 107 108 109 110 111 112 113 114 115 116 117 118 119 120 121 122 123 124 125 126 127 128 
65 66 67 68 69 70 71 72 73 74 75 76 77 78 79 80 81 82 83 84 85 86 87 88 89 90 91 92 93 94 95 96 97 98 99 100 101 102 103 104 105 106 107 108 109 110 111 112 113 114 115 116 117 118 119 120 121 122 123 124 125 126 127 128 
65 66 67 68 69 70 71 72 73 74 75 76 77 78 79 80 81 82 83 84 85 86 87 88 89 90 91 92 93 94 95 96 97 98 99 100 101 102 103 104 105 106 107 108 109 110 111 112 113 114 115 116 117 118 119 120 121 122 123 124 125 126 127 128 
65 66 67 68 69 70 71 72 73 74 75 76 77 78 79 80 81 82 83 84 85 86 87 88 89 90 91 92 93 94 95 96 97 98 99 100 101 102 103 104 105 106 107 108 109 110 111 112 113 114 115 116 117 118 119 120 121 122 123 124 125 126 127 128 
65 66 67 68 69 70 71 72 73 74 75 76 77 78 79 80 81 82 83 84 85 86 87 88 89 90 91 92 93 94 95 96 97 98 99 100 101 102 103 104 105 106 107 108 109 110 111 112 113 114 115 116 117 118 119 120 121 122 123 124 125 126 127 128 
65 66 67 68 69 70 71 72 73 74 75 76 77 78 79 80 81 82 83 84 85 86 87 88 89 90 91 92 93 94 95 96 97 98 99 100 101 102 103 104 105 106 107 108 109 110 111 112 113 114 115 116 117 118 119 120 121 122 123 124 125 126 127 128 
65 66 67 68 69 70 71 72 73 74 75 76 77 78 79 80 81 82 83 84 85 86 87 88 89 90 91 92 93 94 95 96 97 98 99 100 101 102 103 104 105 106 107 108 109 110 111 112 113 114 115 116 117 118 119 120 121 122 123 124 125 126 127 128 
65 66 67 68 69 70 71 72 73 74 75 76 77 78 79 80 81 82 83 84 85 86 87 88 89 90 91 92 93 94 95 96 97 98 99 100 101 102 103 104 105 106 107 108 109 110 111 112 113 114 115 116 117 118 119 120 121 122 123 124 125 126 127 128 
129 130 131 132 133 134 135 136 137 138 139 140 141 142 143 144 145 146 147 148 149 150 151 152 153 154 155 156 157 158 159 160 161 162 163 164 165 166 167 168 169 170 171 172 173 174 175 176 177 178 179 180 181 182 183 184 185 186 187 188 189 190 191 192 
130 131 132 133 134 135 136 137 138 139 140 141 142 143 144 145 146 147 148 149 150 151 152 153 154 155 156 157 158 159 160 161 162 163 164 165 166 167 168 169 170 171 172 173 174 175 176 177 178 179 180 181 182 183 184 185 186 187 188 189 190 191 192 
131 132 133 134 135 136 137 138 139 140 141 142 143 144 145 146 147 148 149 150 151 152 153 154 155 156 157 158 159 160 161 162 163 164 165 166 167 168 169 170 171 172 173 174 175 176 177 178 179 180 181 182 183 184 185 186 187 188 189 190 191 192 
132 133 134 135 136 137 138 139 140 141 142 143 144 145 146 147 148 149 150 151 152 153 154 155 156 157 158 159 160 161 162 163 164 165 166 167 168 169 170 171 172 173 174 175 176 177 178 179 180 181 182 183 184 185 186 187 188 189 190 191 192 
133 134 135 136 137 138 139 140 141 142 143 144 145 146 147 148 149 150 151 152 153 154 155 156 157 158 159 160 161 162 163 164 165 166 167 168 169 170 171 172 173 174 175 176 177 178 179 180 181 182 183 184 185 186 187 188 189 190 191 192 
134 135 136 137 138 139 140 141 142 143 144 145 146 147 148 149 150 151 152 153 154 155 156 157 158 159 160 161 162 163 164 165 166 167 168 169 170 171 172 173 174 175 176 177 178 179 180 181 182 183 184 185 186 187 188 189 190 191 192 
135 136 137 138 139 140 141 142 143 144 145 146 147 148 149 150 151 152 153 154 155 156 157 158 159 160 161 162 163 164 165 166 167 168 169 170 171 172 173 174 175 176 177 178 179 180 181 182 183 184 185 186 187 188 189 190 191 192 
136 137 138 139 140 141 142 143 144 145 146 147 148 149 150 151 152 153 154 155 156 157 158 159 160 161 162 163 164 165 166 167 168 169 170 171 172 173 174 175 176 177 178 179 180 181 182 183 184 185 186 187 188 189 190 191 192 
137 138 139 140 141 142 143 144 145 146 147 148 149 150 151 152 153 154 155 156 157 158 159 160 161 162 163 164 165 166 167 168 169 170 171 172 173 174 175 176 177 178 179 180 181 182 183 184 185 186 187 188 189 190 191 192 
138 139 140 141 142 143 144 145 146 147 148 149 150 151 152 153 154 155 156 157 158 159 160 161 162 163 164 165 166 167 168 169 170 171 172 173 174 175 176 177 178 179 180 181 182 183 184 185 186 187 188 189 190 191 192 
139 140 141 142 143 144 145 146 147 148 149 150 151 152 153 154 155 156 157 158 159 160 161 162 163 164 165 166 167 168 169 170 171 172 173 174 175 176 177 178 179 180 181 182 183 184 185 186 187 188 189 190 191 192 
140 141 142 143 144 145 146 147 148 149 150 151 152 153 154 155 156 157 158 159 160 161 162 163 164 165 166 167 168 169 170 171 172 173 174 175 176 177 178 179 180 181 182 183 184 185 186 187 188 189 190 191 192 
141 142 143 144 145 146 147 148 149 150 151 152 153 154 155 156 157 158 159 160 161 162 163 164 165 166 167 168 169 170 171 172 173 174 175 176 177 178 179 180 181 182 183 184 185 186 187 188 189 190 191 192 
142 143 144 145 146 147 148 149 150 151 152 153 154 155 156 157 158 159 160 161 162 163 164 165 166 167 168 169 170 171 172 173 174 175 176 177 178 179 180 181 182 183 184 185 186 187 188 189 190 191 192 
143 144 145 146 147 148 149 150 151 152 153 154 155 156 157 158 159 160 161 162 163 164 165 166 167 168 169 170 171 172 173 174 175 176 177 178 179 180 181 182 183 184 185 186 187 188 189 190 191 192 
144 145 146 147 148 149 150 151 152 153 154 155 156 157 158 159 160 161 162 163 164 165 166 167 168 169 170 171 172 173 174 175 176 177 178 179 180 181 182 183 184 185 186 187 188 189 190 191 192 
145 146 147 148 149 150 151 152 153 154 155 156 157 158 159 160 161 162 163 164 165 166 167 168 169 170 171 172 173 174 175 176 177 178 179 180 181 182 183 184 185 186 187 188 189 190 191 192 
146 147 148 149 150 151 152 153 154 155 156 157 158 159 160 161 162 163 164 165 166 167 168 169 170 171 172 173 174 175 176 177 178 179 180 181 182 183 184 185 186 187 188 189 190 191 192 
147 148 149 150 151 152 153 154 155 156 157 158 159 160 161 162 163 164 165 166 167 168 169 170 171 172 173 174 175 176 177 178 179 180 181 182 183 184 185 186 187 188 189 190 191 192 
148 149 150 151 152 153 154 155 156 157 158 159 160 161 162 163 164 165 166 167 168 169 170 171 172 173 174 175 176 177 178 179 180 181 182 183 184 185 186 187 188 189 190 191 192 
149 150 151 152 153 154 155 156 157 158 159 160 161 162 163 164 165 166 167 168 169 170 171 172 173 174 175 176 177 178 179 180 181 182 183 184 185 186 187 188 189 190 191 192 
150 151 152 153 154 155 156 157 158 159 160 161 162 163 164 165 166 167 168 169 170 171 172 173 174 175 176 177 178 179 180 181 182 183 184 185 186 187 188 189 190 191 192 
151 152 153 154 155 156 157 158 159 160 161 162 163 164 165 166 167 168 169 170 171 172 173 174 175 176 177 178 179 180 181 182 183 184 185 186 187 188 189 190 191 192 
152 153 154 155 156 157 158 159 160 161 162 163 164 165 166 167 168 169 170 171 172 173 174 175 176 177 178 179 180 181 182 183 184 185 186 187 188 189 190 191 192 
153 154 155 156 157 158 159 160 161 162 163 164 165 166 167 168 169 170 171 172 173 174 175 176 177 178 179 180 181 182 183 184 185 186 187 188 189 190 191 192 
154 155 156 157 158 159 160 161 162 163 164 165 166 167 168 169 170 171 172 173 174 175 176 177 178 179 180 181 182 183 184 185 186 187 188 189 190 191 192 
155 156 157 158 159 160 161 162 163 164 165 166 167 168 169 170 171 172 173 174 175 176 177 178 179 180 181 182 183 184 185 186 187 188 189 190 191 192 
156 157 158 159 160 161 162 163 164 165 166 167 168 169 170 171 172 173 174 175 176 177 178 179 180 181 182 183 184 185 186 187 188 189 190 191 192 
157 158 159 160 161 162 163 164 165 166 167 168 169 170 171 172 173 174 175 176 177 178 179 180 181 182 183 184 185 186 187 188 189 190 191 192 
158 159 160 161 162 163 164 165 166 167 168 169 170 171 172 173 174 175 176 177 178 179 180 181 182 183 184 185 186 187 188 189 190 191 192 
159 160 161 162 163 164 165 166 167 168 169 170 171 172 173 174 175 176 177 178 179 180 181 182 183 184 185 186 187 188 189 190 191 192 
160 161 162 163 164 165 166 167 168 169 170 171 172 173 174 175 176 177 178 179 180 181 182 183 184 185 186 187 188 189 190 191 192 
161 162 163 164 165 166 167 168 169 170 171 172 173 174 175 176 177 178 179 180 181 182 183 184 185 186 187 188 189 190 191 192 
162 163 164 165 166 167 168 169 170 171 172 173 174 175 176 177 178 179 180 181 182 183 184 185 186 187 188 189 190 191 192 
163 164 165 166 167 168 169 170 171 172 173 174 175 176 177 178 179 180 181 182 183 184 185 186 187 188 189 190 191 192 
164 165 166 167 168 169 170 171 172 173 174 175 176 177 178 179 180 181 182 183 184 185 186 187 188 189 190 191 192 
165 166 167 168 169 170 171 172 173 174 175 176 177 178 179 180 181 182 183 184 185 186 187 188 189 190 191 192 
166 167 168 169 170 171 172 173 174 175 176 177 178 179 180 181 182 183 184 185 186 187 188 189 190 191 192 
167 168 169 170 171 172 173 174 175 176 177 178 179 180 181 182 183 184 185 186 187 188 189 190 191 192 
168 169 170 171 172 173 174 175 176 177 178 179 180 181 182 183 184 185 186 187 188 189 190 191 192 
169 170 171 172 173 174 175 176 177 178 179 180 181 182 183 184 185 186 187 188 189 190 191 192 
170 171 172 173 174 175 176 177 178 179 180 181 182 183 184 185 186 187 188 189 190 191 192 
171 172 173 174 175 176 177 178 179 180 181 182 183 184 185 186 187 188 189 190 191 192 
172 173 174 175 176 177 178 179 180 181 182 183 184 185 186 187 188 189 190 191 192 
173 174 175 176 177 178 179 180 181 182 183 184 185 186 187 188 189 190 191 192 
174 175 176 177 178 179 180 181 182 183 184 185 186 187 188 189 190 191 192 
175 176 177 178 179 180 181 182 183 184 185 186 187 188 189 190 191 192 
176 177 178 179 180 181 182 183 184 185 186 187 188 189 190 191 192 
177 178 179 180 181 182 183 184 185 186 187 188 189 190 191 192 
178 179 180 181 182 183 184 185 186 187 188 189 190 191 192 
179 180 181 182 183 184 185 186 187 188 189 190 191 192 
180 181 182 183 184 185 186 187 188 189 190 191 192 
181 182 183 184 185 186 187 188 189 190 191 192 
182 183 184 185 186 187 188 189 190 191 192 
183 184 185 186 187 188 189 190 191 192 
184 185 186 187 188 189 190 191 192 
185 186 187 188 189 190 191 192 
186 187 188 189 190 191 192 
187 188 189 190 191 192 
188 189 190 191 192 
189 190 191 192 
190 191 192 
191 192 
192 
-1 
-1 
-1 
-1 
-1 
-1 
-1 
-1 
-1 
-1 
-1 
-1 
-1 
-1 
-1 
-1 
-1 
-1 
-1 
-1 
-1 
-1 
-1 
-1 
-1 
-1 
-1 
-1 
-1 
-1 
-1 
-1 
-1 
-1 
-1 
-1 
-1 
-1 
-1 
-1 
-1 
-1 
-1 
-1 
-1 
-1 
-1 
-1 
-1 
-1 
-1 
-1 
-1 
-1 
-1 
-1 
-1 
-1 
-1 
-1 
-1 
-1 
-1 
-1 
