72
24
46 14 87 99 33 88 52 41 0 0 0 0 0 0 0 0 0 0 0 0 0 0 0 0
1 a* 1 1 0
2 a* 1 1 0
3 a* 1 1 0
4 a* 1 1 0
5 a* 1 1 0
6 a* 1 1 0
7 a* 1 1 0
8 a* 1 1 0
9 a^8 8 1 0
9 a^7 7 0 0
9 a^6 6 0 0
9 a^5 5 0 0
9 a^4 4 0 0
9 a^3 3 0 0
9 a^2 2 0 0
9 a 1 0 0
10 a^8 8 0 0
10 a^7 7 1 0
10 a^6 6 0 0
10 a^5 5 0 0
10 a^4 4 0 0
10 a^3 3 0 0
10 a^2 2 0 0
10 a 1 0 0
11 a^8 8 0 0
11 a^7 7 0 0
11 a^6 6 1 0
11 a^5 5 0 0
11 a^4 4 0 0
11 a^3 3 0 0
11 a^2 2 0 0
11 a 1 0 0
12 a^8 8 0 0
12 a^7 7 0 0
12 a^6 6 0 0
12 a^5 5 1 0
12 a^4 4 0 0
12 a^3 3 0 0
12 a^2 2 0 0
12 a 1 0 0
13 a^8 8 0 0
13 a^7 7 0 0
13 a^6 6 0 0
13 a^5 5 0 0
13 a^4 4 1 0
13 a^3 3 0 0
13 a^2 2 0 0
13 a 1 0 0
14 a^8 8 0 0
14 a^7 7 0 0
14 a^6 6 0 0
14 a^5 5 0 0
14 a^4 4 0 0
14 a^3 3 1 0
14 a^2 2 0 0
14 a 1 0 0
15 a^8 8 0 0
15 a^7 7 0 0
15 a^6 6 0 0
15 a^5 5 0 0
15 a^4 4 0 0
15 a^3 3 0 0
15 a^2 2 1 0
15 a 1 0 0
16 a^8 8 0 0
16 a^7 7 0 0
16 a^6 6 0 0
16 a^5 5 0 0
16 a^4 4 0 0
16 a^3 3 0 0
16 a^2 2 0 0
16 a 1 1 0
in{0}
in{1}
in{2}
in{3}
in{4}
in{5}
in{6}
in{7}
mid{0}
mid{1}
mid{2}
mid{3}
mid{4}
mid{5}
mid{6}
mid{7}
out{0}
out{1}
out{2}
out{3}
out{4}
out{5}
out{6}
out{7}
-1
9 10 11 12 13 14 15 16 
9 10 11 12 13 14 15 16 
9 10 11 12 13 14 15 16 
9 10 11 12 13 14 15 16 
9 10 11 12 13 14 15 16 
9 10 11 12 13 14 15 16 
9 10 11 12 13 14 15 16 
9 10 11 12 13 14 15 16 
17 18 19 20 21 22 23 24 
18 19 20 21 22 23 24 
19 20 21 22 23 24 
20 21 22 23 24 
21 22 23 24 
22 23 24 
23 24 
24 
-1 
-1 
-1 
-1 
-1 
-1 
-1 
-1 
