144
104
37 4 43 44 43 3 3 47 0 0 0 0 0 0 0 0 0 0 0 0 0 0 0 0 0 0 0 0 0 0 0 0 0 0 0 0 0 0 0 0 0 0 0 0 0 0 0 0 0 0 0 0 0 0 0 0 0 0 0 0 0 0 0 0 0 0 0 0 0 0 0 0 0 0 0 0 0 0 0 0 0 0 0 0 0 0 0 0 0 0 0 0 0 0 0 0 0 0 0 0 0 0 0 0
1 a+ 1 1 0
2 a+ 1 1 0
3 a+ 1 1 0
4 a+ 1 1 0
5 a+ 1 1 0
6 a+ 1 1 0
7 a+ 1 1 0
8 a+ 1 1 0
9 a^2 2 1 0
9 a 1 0 0
10 a^2 2 0 0
10 a 1 1 0
11 a^2 2 0 0
11 a 1 1 0
12 a^2 2 1 0
12 a 1 0 0
13 a^2 2 1 0
13 a 1 0 0
14 a^2 2 0 0
14 a 1 1 0
15 a^2 2 0 0
15 a 1 1 0
16 a^2 2 1 0
16 a 1 0 0
17 a+ 1 1 0
18 a+ 1 1 0
19 a+ 1 1 0
20 a+ 1 1 0
21 a+ 1 1 0
22 a+ 1 1 0
23 a+ 1 1 0
24 a+ 1 1 0
25 a^2 2 1 0
25 a 1 0 0
26 a^2 2 1 0
26 a 1 0 0
27 a^2 2 0 0
27 a 1 1 0
28 a^2 2 0 0
28 a 1 1 0
29 a^2 2 0 0
29 a 1 1 0
30 a^2 2 0 0
30 a 1 1 0
31 a^2 2 1 0
31 a 1 0 0
32 a^2 2 1 0
32 a 1 0 0
33 a+ 1 1 0
34 a+ 1 1 0
35 a+ 1 1 0
36 a+ 1 1 0
37 a+ 1 1 0
38 a+ 1 1 0
39 a+ 1 1 0
40 a+ 1 1 0
41 a^2 2 1 0
41 a 1 0 0
42 a^2 2 0 0
42 a 1 1 0
43 a^2 2 1 0
43 a 1 0 0
44 a^2 2 0 0
44 a 1 1 0
45 a^2 2 0 0
45 a 1 1 0
46 a^2 2 1 0
46 a 1 0 0
47 a^2 2 0 0
47 a 1 1 0
48 a^2 2 1 0
48 a 1 0 0
49 a+ 1 1 0
50 a+ 1 1 0
51 a+ 1 1 0
52 a+ 1 1 0
53 a+ 1 1 0
54 a+ 1 1 0
55 a+ 1 1 0
56 a+ 1 1 0
57 a^2 2 1 0
57 a 1 0 0
58 a^2 2 1 0
58 a 1 0 0
59 a^2 2 1 0
59 a 1 0 0
60 a^2 2 1 0
60 a 1 0 0
61 a^2 2 0 0
61 a 1 1 0
62 a^2 2 0 0
62 a 1 1 0
63 a^2 2 0 0
63 a 1 1 0
64 a^2 2 0 0
64 a 1 1 0
65 a+ 1 1 0
66 a+ 1 1 0
67 a+ 1 1 0
68 a+ 1 1 0
69 a+ 1 1 0
70 a+ 1 1 0
71 a+ 1 1 0
72 a+ 1 1 0
73 a^2 2 1 0
73 a 1 0 0
74 a^2 2 1 0
74 a 1 0 0
75 a^2 2 0 0
75 a 1 1 0
76 a^2 2 0 0
76 a 1 1 0
77 a^2 2 1 0
77 a 1 0 0
78 a^2 2 1 0
78 a 1 0 0
79 a^2 2 0 0
79 a 1 1 0
80 a^2 2 0 0
80 a 1 1 0
81 a+ 1 1 0
82 a+ 1 1 0
83 a+ 1 1 0
84 a+ 1 1 0
85 a+ 1 1 0
86 a+ 1 1 0
87 a+ 1 1 0
88 a+ 1 1 0
89 a^2 2 1 0
89 a 1 0 0
90 a^2 2 0 0
90 a 1 1 0
91 a^2 2 1 0
91 a 1 0 0
92 a^2 2 0 0
92 a 1 1 0
93 a^2 2 1 0
93 a 1 0 0
94 a^2 2 0 0
94 a 1 1 0
95 a^2 2 1 0
95 a 1 0 0
96 a^2 2 0 0
96 a 1 1 0
in{0}
in{1}
in{2}
in{3}
in{4}
in{5}
in{6}
in{7}
mid1{0}
mid1{1}
mid1{2}
mid1{3}
mid1{4}
mid1{5}
mid1{6}
mid1{7}
mid2{0}
mid2{1}
mid2{2}
mid2{3}
mid2{4}
mid2{5}
mid2{6}
mid2{7}
mid3{0}
mid3{1}
mid3{2}
mid3{3}
mid3{4}
mid3{5}
mid3{6}
mid3{7}
mid4{0}
mid4{1}
mid4{2}
mid4{3}
mid4{4}
mid4{5}
mid4{6}
mid4{7}
mid5{0}
mid5{1}
mid5{2}
mid5{3}
mid5{4}
mid5{5}
mid5{6}
mid5{7}
mid6{0}
mid6{1}
mid6{2}
mid6{3}
mid6{4}
mid6{5}
mid6{6}
mid6{7}
mid7{0}
mid7{1}
mid7{2}
mid7{3}
mid7{4}
mid7{5}
mid7{6}
mid7{7}
mid8{0}
mid8{1}
mid8{2}
mid8{3}
mid8{4}
mid8{5}
mid8{6}
mid8{7}
mid9{0}
mid9{1}
mid9{2}
mid9{3}
mid9{4}
mid9{5}
mid9{6}
mid9{7}
mid10{0}
mid10{1}
mid10{2}
mid10{3}
mid10{4}
mid10{5}
mid10{6}
mid10{7}
mid11{0}
mid11{1}
mid11{2}
mid11{3}
mid11{4}
mid11{5}
mid11{6}
mid11{7}
out{0}
out{1}
out{2}
out{3}
out{4}
out{5}
out{6}
out{7}
-1
9 10 
9 10 
11 12 
11 12 
13 14 
13 14 
15 16 
15 16 
17 18 
18 
19 
19 20 
21 22 
22 
23 
23 24 
25 27 
26 28 
25 27 
26 28 
29 31 
30 32 
29 31 
30 32 
33 35 
34 36 
35 
36 
37 
38 
37 39 
38 40 
41 42 
41 42 
43 44 
43 44 
45 46 
45 46 
47 48 
47 48 
49 50 
50 
51 52 
52 
53 
53 54 
55 
55 56 
57 61 
58 62 
59 63 
60 64 
57 61 
58 62 
59 63 
60 64 
65 69 
66 70 
67 71 
68 72 
69 
70 
71 
72 
73 75 
74 76 
73 75 
74 76 
77 79 
78 80 
77 79 
78 80 
81 83 
82 84 
83 
84 
85 87 
86 88 
87 
88 
89 90 
89 90 
91 92 
91 92 
93 94 
93 94 
95 96 
95 96 
97 98 
98 
99 100 
100 
101 102 
102 
103 104 
104 
-1 
-1 
-1 
-1 
-1 
-1 
-1 
-1 
